   16 base-pairs
...     1 T-A ...
    0.0000    0.0000    0.0000
    1.0000    0.0000    0.0000
    0.0000    1.0000    0.0000
    0.0000    0.0000    1.0000
...     2 G-C ...
    0.2660    0.2711    3.3672
    0.8141    0.5724   -0.0986
   -0.5723    0.8194    0.0320
    0.0991    0.0304    0.9946
...     3 T-A ...
    0.9183   -0.1215    6.7210
    0.3934    0.9159   -0.0795
   -0.9118    0.3998    0.0938
    0.1177    0.0356    0.9924
...     4 G-C ...
    1.1720    0.3502   10.0670
   -0.2132    0.9709   -0.1089
   -0.9685   -0.1954    0.1541
    0.1284    0.1383    0.9820
...     5 T-A ...
    2.1814    0.9100   13.3067
   -0.6897    0.7237   -0.0242
   -0.7122   -0.6719    0.2031
    0.1307    0.1573    0.9789
...     6 C-G ...
    2.3193    1.6864   16.5739
   -0.9789    0.2003    0.0408
   -0.1863   -0.9564    0.2250
    0.0841    0.2127    0.9735
...     7 A-T ...
    2.6095    2.2280   19.9063
   -0.9118   -0.4053    0.0655
    0.4101   -0.8919    0.1906
   -0.0188    0.2007    0.9795
...     8 A-T ...
    2.4639    3.0179   23.0834
   -0.5067   -0.8504    0.1416
    0.8621   -0.4985    0.0916
   -0.0073    0.1685    0.9857
...     9 G-C ...
    2.1684    3.4368   26.4374
    0.0455   -0.9930    0.1092
    0.9990    0.0447   -0.0095
    0.0046    0.1095    0.9940
...    10 T-A ...
    1.5958    3.8058   29.8084
    0.5610   -0.8243    0.0759
    0.8278    0.5587   -0.0502
   -0.0010    0.0910    0.9959
...    11 G-C ...
    1.9660    4.0444   33.1682
    0.9306   -0.3602   -0.0651
    0.3573    0.9325   -0.0527
    0.0797    0.0258    0.9965
...    12 G-C ...
    2.2823    3.6648   36.4447
    0.9669    0.2069   -0.1495
   -0.2087    0.9780    0.0040
    0.1470    0.0273    0.9888
...    13 C-G ...
    2.8301    3.7057   39.7805
    0.6784    0.7227   -0.1321
   -0.7177    0.6904    0.0911
    0.1571    0.0330    0.9870
...    14 T-A ...
    3.6249    3.6501   43.0785
    0.1691    0.9799   -0.1056
   -0.9643    0.1867    0.1881
    0.2040    0.0700    0.9765
...    15 G-C ...
    4.0954    4.1971   46.3894
   -0.4344    0.8976   -0.0746
   -0.8804   -0.4056    0.2458
    0.1904    0.1725    0.9664
...    16 T-A ...
    5.2686    4.9980   49.5215
   -0.8329    0.5509    0.0531
   -0.5205   -0.8123    0.2631
    0.1881    0.1915    0.9633
