  314 base-pairs
...     1 A-T ...
    0.0000    0.0000    0.0000
    1.0000    0.0000    0.0000
    0.0000    1.0000    0.0000
    0.0000    0.0000    1.0000
...     2 C-G ...
    0.3695   -0.4371    3.3912
    0.8523    0.5227   -0.0183
   -0.5228    0.8524   -0.0064
    0.0123    0.0151    0.9998
...     3 A-T ...
    0.2842   -0.2554    6.7738
    0.3934    0.9118   -0.1177
   -0.9159    0.3998    0.0356
    0.0795    0.0938    0.9924
...     4 G-C ...
    0.8017    0.2438   10.0896
   -0.1739    0.9749   -0.1387
   -0.9829   -0.1633    0.0850
    0.0602    0.1511    0.9867
...     5 G-C ...
    1.3678    1.0192   13.2611
   -0.6862    0.7148   -0.1350
   -0.7271   -0.6678    0.1593
    0.0237    0.2075    0.9779
...     6 A-T ...
    1.5771    1.6279   16.5598
   -0.9775    0.1905   -0.0907
   -0.2054   -0.9574    0.2029
   -0.0482    0.2169    0.9750
...     7 T-A ...
    1.4183    2.9115   19.7431
   -0.9433   -0.3281    0.0504
    0.3311   -0.9190    0.2141
   -0.0240    0.2187    0.9755
...     8 G-C ...
    1.1765    3.3114   23.0993
   -0.5760   -0.8147    0.0674
    0.8104   -0.5583    0.1779
   -0.1073    0.1571    0.9817
...     9 T-A ...
    0.3509    4.1916   26.3197
   -0.0660   -0.9882    0.1384
    0.9902   -0.0477    0.1312
   -0.1230    0.1457    0.9816
...    10 A-T ...
    0.0067    4.5397   29.6238
    0.5413   -0.8345    0.1031
    0.8348    0.5480    0.0522
   -0.1001    0.0578    0.9933
...    11 A-T ...
   -0.4421    4.6246   32.8689
    0.9262   -0.3657    0.0921
    0.3706    0.9278   -0.0434
   -0.0696    0.0743    0.9948
...    12 C-G ...
   -0.4978    4.3360   36.2955
    0.9844    0.1719    0.0376
   -0.1679    0.9816   -0.0915
   -0.0526    0.0838    0.9951
...    13 C-G ...
   -0.3406    4.2392   39.6039
    0.7335    0.6749   -0.0809
   -0.6796    0.7301   -0.0714
    0.0109    0.1073    0.9942
...    14 T-A ...
   -0.0480    4.4194   42.9794
    0.2425    0.9582   -0.1517
   -0.9682    0.2489    0.0243
    0.0611    0.1410    0.9881
...    15 G-C ...
   -0.0404    5.2164   46.2728
   -0.3628    0.9086   -0.2070
   -0.9302   -0.3399    0.1384
    0.0554    0.2428    0.9685
...    16 C-G ...
    0.1892    6.0937   49.5297
   -0.8253    0.5552   -0.1035
   -0.5627   -0.7927    0.2344
    0.0481    0.2517    0.9666
...    17 A-T ...
    0.2847    6.7825   52.8461
   -0.9986   -0.0267   -0.0459
    0.0127   -0.9597    0.2807
   -0.0515    0.2797    0.9587
...    18 G-C ...
   -0.1595    7.8705   56.0290
   -0.8256   -0.5613    0.0568
    0.5560   -0.7922    0.2515
   -0.0962    0.2392    0.9662
...    19 A-T ...
   -0.3738    8.7863   59.2557
   -0.3529   -0.9279    0.1198
    0.9283   -0.3312    0.1692
   -0.1173    0.1709    0.9783
...    20 T-A ...
   -1.3215    9.4448   62.4920
    0.1764   -0.9610    0.2129
    0.9776    0.1964    0.0762
   -0.1151    0.1947    0.9741
...    21 A-T ...
   -1.6071    9.9785   65.7769
    0.7279   -0.6731    0.1312
    0.6820    0.7305   -0.0362
   -0.0714    0.1159    0.9907
...    22 C-G ...
   -1.8785    9.8034   69.2008
    0.9781   -0.1940    0.0747
    0.2013    0.9738   -0.1059
   -0.0522    0.1186    0.9916
...    23 T-A ...
   -2.0553    9.8915   72.5880
    0.9307    0.3635   -0.0402
   -0.3657    0.9264   -0.0894
    0.0047    0.0979    0.9952
...    24 A-T ...
   -1.9407   10.3379   75.8962
    0.5316    0.8295   -0.1715
   -0.8437    0.5365   -0.0202
    0.0753    0.1554    0.9850
...    25 C-G ...
   -1.1203   10.9369   79.1819
    0.0108    0.9846   -0.1747
   -0.9976    0.0226    0.0661
    0.0690    0.1736    0.9824
...    26 C-G ...
   -0.4681   11.7544   82.3261
   -0.5407    0.8236   -0.1712
   -0.8393   -0.5144    0.1762
    0.0571    0.2390    0.9693
...    27 A-T ...
   -0.4026   12.4389   85.6442
   -0.9261    0.3524   -0.1346
   -0.3765   -0.8856    0.2718
   -0.0234    0.3024    0.9529
...    28 A-T ...
   -0.4387   13.5766   88.7172
   -0.9727   -0.2308    0.0259
    0.2289   -0.9340    0.2742
   -0.0391    0.2726    0.9613
...    29 A-T ...
   -0.6233   14.6122   91.8209
   -0.6606   -0.7339    0.1580
    0.7500   -0.6356    0.1831
   -0.0340    0.2394    0.9703
...    30 A-T ...
   -0.8672   15.4815   94.9712
   -0.1051   -0.9714    0.2130
    0.9944   -0.1005    0.0322
   -0.0099    0.2152    0.9765
...    31 G-C ...
   -1.0844   15.9634   98.3227
    0.4538   -0.8805    0.1371
    0.8908    0.4438   -0.0981
    0.0255    0.1667    0.9857
...    32 T-A ...
   -1.5325   16.2888  101.7170
    0.8522   -0.5205    0.0535
    0.5225    0.8410   -0.1404
    0.0281    0.1476    0.9886
...    33 G-C ...
   -1.0697   16.8755  105.0221
    0.9900    0.0431   -0.1343
   -0.0586    0.9917   -0.1141
    0.1283    0.1208    0.9844
...    34 T-A ...
   -0.6248   16.7010  108.4279
    0.8116    0.5537   -0.1861
   -0.5655    0.8247   -0.0122
    0.1467    0.1152    0.9824
...    35 A-T ...
   -0.0678   17.2233  111.6796
    0.3058    0.9208   -0.2422
   -0.9307    0.3427    0.1278
    0.2006    0.1863    0.9618
...    36 T-A ...
    1.1586   17.7684  114.8426
   -0.2160    0.9692   -0.1184
   -0.9558   -0.1851    0.2285
    0.1995    0.1625    0.9663
...    37 T-A ...
    1.9943   18.4884  117.9285
   -0.7298    0.6829    0.0303
   -0.6477   -0.7050    0.2889
    0.2186    0.1913    0.9569
...    38 T-A ...
    2.7445   19.3769  120.9923
   -0.9711    0.1487    0.1865
   -0.0990   -0.9626    0.2520
    0.2171    0.2263    0.9496
...    39 G-C ...
    3.1903   19.9174  124.3077
   -0.8686   -0.4522    0.2025
    0.4816   -0.8667    0.1302
    0.1166    0.2106    0.9706
...    40 G-C ...
    3.1846   20.8683  127.4819
   -0.4699   -0.8650    0.1756
    0.8795   -0.4757    0.0104
    0.0745    0.1594    0.9844
...    41 A-T ...
    3.4781   21.5522  130.7594
    0.1102   -0.9908    0.0786
    0.9900    0.1024   -0.0967
    0.0878    0.0885    0.9922
...    42 A-T ...
    3.6106   21.8050  134.0241
    0.6598   -0.7513   -0.0139
    0.7414    0.6539   -0.1507
    0.1223    0.0891    0.9885
...    43 A-T ...
    3.9071   21.9773  137.2832
    0.9639   -0.2373   -0.1205
    0.2200    0.9652   -0.1411
    0.1498    0.1095    0.9826
...    44 C-G ...
    4.6752   21.8390  140.6326
    0.9338    0.3002   -0.1945
   -0.3174    0.9462   -0.0636
    0.1649    0.1211    0.9788
...    45 T-A ...
    5.3893   21.9754  143.9467
    0.6008    0.7619   -0.2418
   -0.7675    0.6344    0.0921
    0.2236    0.1303    0.9659
...    46 G-C ...
    6.0938   22.7887  147.1599
    0.0278    0.9705   -0.2394
   -0.9656    0.0880    0.2447
    0.2586    0.2244    0.9396
...    47 C-G ...
    7.0279   23.5801  150.3112
   -0.5252    0.8481   -0.0699
   -0.8117   -0.4746    0.3404
    0.2556    0.2355    0.9377
...    48 T-A ...
    8.1084   24.5756  153.3695
   -0.8939    0.4401    0.0848
   -0.3841   -0.8497    0.3612
    0.2310    0.2903    0.9286
...    49 C-G ...
    8.5162   25.6783  156.5181
   -0.9645   -0.1409    0.2232
    0.2038   -0.9349    0.2905
    0.1677    0.3257    0.9305
...    50 C-G ...
    8.7259   27.1048  159.5016
   -0.7044   -0.6492    0.2870
    0.7019   -0.6973    0.1454
    0.1057    0.3039    0.9468
...    51 A-T ...
    9.2363   28.0348  162.7198
   -0.1822   -0.9576    0.2230
    0.9815   -0.1906   -0.0163
    0.0582    0.2159    0.9747
...    52 T-A ...
    8.8729   28.7652  166.0575
    0.3541   -0.9125    0.2050
    0.9335    0.3317   -0.1359
    0.0560    0.2394    0.9693
...    53 C-G ...
    9.2378   29.2253  169.3668
    0.8198   -0.5716    0.0356
    0.5675    0.8025   -0.1841
    0.0767    0.1711    0.9823
...    54 A-T ...
    9.5656   29.9697  172.6563
    0.9845   -0.0230   -0.1738
   -0.0018    0.9899   -0.1414
    0.1753    0.1395    0.9746
...    55 A-T ...
   10.1600   30.2689  175.8651
    0.7984    0.5499   -0.2453
   -0.5752    0.8170   -0.0408
    0.1779    0.1737    0.9686
...    56 A-T ...
   10.8503   30.7192  179.0369
    0.3152    0.9167   -0.2454
   -0.9354    0.3438    0.0828
    0.1602    0.2034    0.9659
...    57 A-T ...
   11.5297   31.3496  182.1802
   -0.2866    0.9421   -0.1740
   -0.9494   -0.2549    0.1837
    0.1287    0.2179    0.9675
...    58 G-C ...
   12.0361   32.3786  185.3734
   -0.7642    0.6366   -0.1038
   -0.6404   -0.7296    0.2401
    0.0771    0.2499    0.9652
...    59 G-C ...
   12.3876   33.6386  188.4178
   -0.9930    0.1164   -0.0197
   -0.1173   -0.9557    0.2698
    0.0126    0.2702    0.9627
...    60 C-G ...
   12.3980   34.6149  191.6545
   -0.8859   -0.4467    0.1253
    0.4639   -0.8536    0.2371
    0.0011    0.2682    0.9634
...    61 A-T ...
   12.5192   35.3884  194.9514
   -0.4558   -0.8787    0.1422
    0.8872   -0.4356    0.1518
   -0.0714    0.1954    0.9781
...    62 T-A ...
   11.7381   36.1929  198.1992
    0.0683   -0.9724    0.2231
    0.9954    0.0813    0.0498
   -0.0665    0.2187    0.9735
...    63 G-C ...
   11.8021   36.6928  201.5501
    0.6319   -0.7666    0.1141
    0.7745    0.6301   -0.0557
   -0.0292    0.1236    0.9919
...    64 T-A ...
   11.2327   36.7600  204.9411
    0.9439   -0.3255    0.0560
    0.3295    0.9397   -0.0922
   -0.0226    0.1055    0.9942
...    65 T-A ...
   11.2275   36.8417  208.2172
    0.9608    0.2771   -0.0130
   -0.2773    0.9581   -0.0723
   -0.0076    0.0731    0.9973
...    66 C-G ...
   11.5625   37.2348  211.5383
    0.6291    0.7697   -0.1082
   -0.7747    0.6323   -0.0067
    0.0633    0.0880    0.9941
...    67 A-T ...
   11.6140   37.6146  214.9051
    0.0625    0.9797   -0.1905
   -0.9930    0.0802    0.0867
    0.1002    0.1837    0.9779
...    68 G-C ...
   12.1247   38.4858  218.1442
   -0.4941    0.8525   -0.1709
   -0.8672   -0.4690    0.1676
    0.0628    0.2310    0.9709
...    69 C-G ...
   12.3702   39.3290  221.4089
   -0.8981    0.4361   -0.0572
   -0.4365   -0.8676    0.2382
    0.0542    0.2389    0.9695
...    70 T-A ...
   12.6312   40.4312  224.6071
   -0.9921   -0.1192    0.0381
    0.1251   -0.9547    0.2699
    0.0042    0.2726    0.9621
...    71 G-C ...
   12.4155   41.0585  227.9302
   -0.7365   -0.6704    0.0907
    0.6704   -0.7054    0.2302
   -0.0903    0.2303    0.9689
...    72 G-C ...
   11.6815   41.9598  231.0331
   -0.2427   -0.9604    0.1370
    0.9628   -0.2212    0.1553
   -0.1188    0.1696    0.9783
...    73 A-T ...
   11.2881   42.6842  234.2915
    0.3577   -0.9248    0.1298
    0.9296    0.3658    0.0443
   -0.0884    0.1048    0.9905
...    74 T-A ...
   10.5164   42.7356  237.6392
    0.7854   -0.5987    0.1571
    0.6104    0.7913   -0.0358
   -0.1028    0.1240    0.9869
...    75 T-A ...
   10.1613   42.8699  240.8943
    0.9943   -0.0318    0.1021
    0.0405    0.9956   -0.0850
   -0.0990    0.0887    0.9911
...    76 C-G ...
   10.2181   43.1969  244.2389
    0.8431    0.5373   -0.0208
   -0.5370    0.8395   -0.0828
   -0.0270    0.0810    0.9963
...    77 C-G ...
   10.5787   43.2473  247.5324
    0.4121    0.9025   -0.1250
   -0.9109    0.4114   -0.0322
    0.0224    0.1271    0.9916
...    78 A-T ...
   10.4762   43.7147  250.8870
   -0.1880    0.9576   -0.2184
   -0.9816   -0.1756    0.0753
    0.0337    0.2286    0.9729
...    79 G-C ...
   10.6933   44.7715  254.1038
   -0.6935    0.6921   -0.2002
   -0.7203   -0.6716    0.1734
   -0.0145    0.2645    0.9643
...    80 C-G ...
   10.6609   45.7338  257.3445
   -0.9789    0.1889   -0.0781
   -0.2029   -0.9442    0.2595
   -0.0247    0.2699    0.9626
...    81 T-A ...
   10.5781   46.9486  260.5113
   -0.9288   -0.3693    0.0326
    0.3616   -0.8831    0.2988
   -0.0816    0.2893    0.9538
...    82 G-C ...
   10.1545   47.5852  263.8125
   -0.5410   -0.8346    0.1035
    0.8252   -0.5031    0.2568
   -0.1622    0.2244    0.9609
...    83 A-T ...
    9.6659   48.4835  267.0142
    0.0382   -0.9861    0.1614
    0.9872    0.0622    0.1468
   -0.1548    0.1538    0.9759
...    84 A-T ...
    9.0033   48.9564  270.1886
    0.6048   -0.7722    0.1947
    0.7872    0.6167    0.0005
   -0.1204    0.1530    0.9809
...    85 C-G ...
    8.4744   48.9201  273.5866
    0.9292   -0.3387    0.1482
    0.3556    0.9284   -0.1077
   -0.1011    0.1528    0.9831
...    86 A-T ...
    8.1585   49.6155  276.8880
    0.9699    0.2405   -0.0384
   -0.2435    0.9593   -0.1432
    0.0024    0.1483    0.9889
...    87 T-A ...
    8.4084   49.6168  280.3149
    0.7031    0.7061   -0.0839
   -0.7108    0.6949   -0.1091
   -0.0187    0.1363    0.9905
...    88 G-C ...
    8.3398   50.4521  283.5981
    0.1674    0.9591   -0.2284
   -0.9854    0.1697   -0.0096
    0.0295    0.2267    0.9735
...    89 C-G ...
    8.5064   51.2459  286.8801
   -0.4186    0.8848   -0.2048
   -0.9077   -0.4007    0.1244
    0.0280    0.2380    0.9709
...    90 C-G ...
    8.8734   52.4276  289.9540
   -0.8476    0.5048   -0.1637
   -0.5306   -0.8126    0.2412
   -0.0113    0.2913    0.9566
...    91 T-A ...
    8.9454   53.6941  293.1008
   -0.9982   -0.0341   -0.0488
    0.0161   -0.9439    0.3298
   -0.0573    0.3284    0.9428
...    92 T-A ...
    8.6029   54.9758  296.0974
   -0.8049   -0.5753    0.1458
    0.5877   -0.7385    0.3305
   -0.0825    0.3517    0.9325
...    93 T-A ...
    8.0778   56.2046  299.0897
   -0.3166   -0.8982    0.3050
    0.9412   -0.2576    0.2184
   -0.1176    0.3562    0.9270
...    94 T-A ...
    7.4319   57.2899  302.1137
    0.2864   -0.8837    0.3701
    0.9463    0.3213    0.0348
   -0.1497    0.3403    0.9283
...    95 G-C ...
    7.2607   58.2878  305.3474
    0.7896   -0.5691    0.2297
    0.6068    0.7799   -0.1536
   -0.0917    0.2606    0.9611
...    96 A-T ...
    6.8112   59.2245  308.5438
    0.9987   -0.0412    0.0312
    0.0479    0.9638   -0.2621
   -0.0193    0.2633    0.9645
...    97 T-A ...
    6.8302   59.5818  311.9611
    0.8782    0.4703   -0.0866
   -0.4763    0.8440   -0.2467
   -0.0430    0.2578    0.9652
...    98 G-C ...
    6.7901   60.8039  315.1213
    0.4466    0.8405   -0.3068
   -0.8943    0.4307   -0.1217
    0.0299    0.3287    0.9440
...    99 G-C ...
    7.3551   61.8870  318.2015
   -0.1176    0.9152   -0.3854
   -0.9925   -0.0948    0.0777
    0.0346    0.3917    0.9195
...   100 A-T ...
    7.5221   63.0642  321.3452
   -0.6636    0.6674   -0.3380
   -0.7479   -0.6023    0.2791
   -0.0173    0.4380    0.8988
...   101 G-C ...
    7.4024   64.8174  324.2475
   -0.9613    0.2044   -0.1849
   -0.2645   -0.8728    0.4101
   -0.0775    0.4431    0.8931
...   102 C-G ...
    7.1184   66.3765  327.2338
   -0.9418   -0.3291    0.0690
    0.3242   -0.8343    0.4460
   -0.0892    0.4424    0.8924
...   103 A-T ...
    6.9116   67.7380  330.3299
   -0.5723   -0.7892    0.2229
    0.8020   -0.4818    0.3530
   -0.1712    0.3808    0.9087
...   104 G-C ...
    6.0541   68.8881  333.4046
   -0.0322   -0.9455    0.3241
    0.9859    0.0233    0.1659
   -0.1644    0.3249    0.9314
...   105 T-A ...
    4.9184   69.9983  336.4550
    0.4900   -0.7977    0.3516
    0.8547    0.5189   -0.0139
   -0.1713    0.3073    0.9360
...   106 T-A ...
    4.2393   70.7630  339.5685
    0.8948   -0.3526    0.2738
    0.4080    0.8948   -0.1813
   -0.1811    0.2739    0.9445
...   107 T-A ...
    3.6913   71.4008  342.7359
    0.9670    0.2281    0.1135
   -0.1905    0.9431   -0.2725
   -0.1692    0.2419    0.9554
...   108 C-G ...
    3.4929   72.3379  345.9575
    0.6929    0.7116   -0.1166
   -0.7144    0.6555   -0.2449
   -0.0979    0.2530    0.9625
...   109 C-G ...
    3.6572   73.0753  349.1838
    0.1941    0.9367   -0.2914
   -0.9791    0.1667   -0.1164
   -0.0605    0.3079    0.9495
...   110 A-T ...
    3.2707   74.1096  352.3874
   -0.3963    0.8274   -0.3980
   -0.9153   -0.3902    0.1002
   -0.0724    0.4040    0.9119
...   111 A-T ...
    3.1706   75.5110  355.3481
   -0.8504    0.4407   -0.2873
   -0.5155   -0.8072    0.2875
   -0.1052    0.3926    0.9137
...   112 A-T ...
    2.8904   76.9332  358.2872
   -0.9893   -0.1154   -0.0888
    0.0740   -0.9235    0.3763
   -0.1254    0.3657    0.9222
...   113 T-A ...
    2.3147   78.6684  361.1964
   -0.8105   -0.5686    0.1406
    0.5767   -0.7325    0.3618
   -0.1028    0.3743    0.9216
...   114 A-T ...
    1.9054   79.7842  364.3179
   -0.3021   -0.9210    0.2460
    0.9403   -0.2456    0.2355
   -0.1564    0.3025    0.9402
...   115 C-G ...
    0.8522   80.5769  367.4944
    0.2368   -0.9189    0.3155
    0.9605    0.2702    0.0660
   -0.1459    0.2874    0.9466
...   116 A-T ...
    0.5197   81.6340  370.6966
    0.7569   -0.6219    0.2008
    0.6471    0.7561   -0.0977
   -0.0910    0.2039    0.9747
...   117 C-G ...
    0.2078   81.7653  374.1191
    0.9851   -0.1386    0.1022
    0.1565    0.9683   -0.1946
   -0.0720    0.2077    0.9755
...   118 T-A ...
   -0.0214   82.1594  377.4812
    0.9130    0.4029   -0.0648
   -0.4078    0.8953   -0.1793
   -0.0142    0.1901    0.9817
...   119 T-A ...
    0.1636   82.6382  380.7179
    0.5093    0.8453   -0.1618
   -0.8604    0.5042   -0.0740
    0.0190    0.1769    0.9840
...   120 T-A ...
    0.4986   83.2300  383.9237
   -0.0819    0.9802   -0.1802
   -0.9952   -0.0707    0.0680
    0.0539    0.1849    0.9813
...   121 T-A ...
    0.8880   83.9987  387.0855
   -0.6424    0.7580   -0.1130
   -0.7624   -0.6172    0.1942
    0.0775    0.2109    0.9744
...   122 G-C ...
    0.7713   84.7432  390.3892
   -0.9670    0.2429   -0.0769
   -0.2546   -0.9328    0.2550
   -0.0098    0.2662    0.9639
...   123 G-C ...
    0.6341   86.0552  393.4289
   -0.9459   -0.3244    0.0110
    0.3154   -0.9104    0.2676
   -0.0768    0.2566    0.9635
...   124 T-A ...
    0.2115   87.4676  396.5360
   -0.6404   -0.7557    0.1375
    0.7620   -0.6027    0.2369
   -0.0962    0.2565    0.9618
...   125 A-T ...
   -0.1385   88.1747  399.7816
   -0.0568   -0.9844    0.1664
    0.9899   -0.0339    0.1376
   -0.1298    0.1725    0.9764
...   126 G-C ...
   -0.7471   88.4987  403.1037
    0.4989   -0.8526    0.1555
    0.8618    0.5071    0.0156
   -0.0922    0.1262    0.9877
...   127 T-A ...
   -1.5780   88.6492  406.4376
    0.8769   -0.4631    0.1286
    0.4724    0.8798   -0.0531
   -0.0885    0.1073    0.9903
...   128 A-T ...
   -1.7182   89.0112  409.7551
    0.9904    0.1372   -0.0141
   -0.1379    0.9863   -0.0905
    0.0015    0.0916    0.9958
...   129 T-A ...
   -1.5271   88.7941  413.1788
    0.7754    0.6304   -0.0357
   -0.6311    0.7719   -0.0766
   -0.0207    0.0819    0.9964
...   130 C-G ...
   -1.3232   89.3456  416.4880
    0.2760    0.9524   -0.1293
   -0.9604    0.2787    0.0027
    0.0386    0.1234    0.9916
...   131 T-A ...
   -0.8790   89.7367  419.8289
   -0.2947    0.9435   -0.1516
   -0.9534   -0.2797    0.1127
    0.0639    0.1778    0.9820
...   132 G-C ...
   -1.0007   90.5104  423.1257
   -0.7919    0.5904   -0.1558
   -0.6106   -0.7634    0.2105
    0.0054    0.2618    0.9651
...   133 C-G ...
   -0.9765   91.4653  426.3687
   -0.9984    0.0532   -0.0204
   -0.0567   -0.9626    0.2650
   -0.0056    0.2658    0.9640
...   134 A-T ...
   -0.9658   92.1914  429.6785
   -0.8446   -0.5339    0.0395
    0.5248   -0.8112    0.2581
   -0.1058    0.2388    0.9653
...   135 G-C ...
   -1.6320   92.9816  432.9101
   -0.4149   -0.9025    0.1156
    0.9015   -0.3907    0.1860
   -0.1227    0.1814    0.9757
...   136 G-C ...
   -2.4977   93.5418  436.0592
    0.1542   -0.9790    0.1332
    0.9801    0.1686    0.1047
   -0.1250    0.1144    0.9855
...   137 T-A ...
   -3.5010   93.8543  439.3339
    0.6454   -0.7477    0.1562
    0.7530    0.6571    0.0345
   -0.1285    0.0954    0.9871
...   138 G-C ...
   -3.5578   94.1547  442.7086
    0.9690   -0.2420    0.0496
    0.2436    0.9694   -0.0295
   -0.0409    0.0407    0.9983
...   139 A-T ...
   -3.8524   94.2965  446.0537
    0.9353    0.3505   -0.0484
   -0.3530    0.9339   -0.0577
    0.0250    0.0710    0.9972
...   140 T-A ...
   -3.4696   94.0621  449.4602
    0.6174    0.7852   -0.0479
   -0.7866    0.6166   -0.0308
    0.0054    0.0567    0.9984
...   141 T-A ...
   -3.1795   94.2266  452.7203
    0.0490    0.9969   -0.0623
   -0.9980    0.0514    0.0380
    0.0410    0.0603    0.9973
...   142 C-G ...
   -3.0669   94.8166  456.0272
   -0.5319    0.8425   -0.0857
   -0.8454   -0.5223    0.1120
    0.0496    0.1320    0.9900
...   143 T-A ...
   -2.6724   95.4768  459.3317
   -0.9086    0.4141   -0.0555
   -0.4170   -0.8908    0.1804
    0.0253    0.1871    0.9820
...   144 C-G ...
   -2.9584   96.2229  462.5963
   -0.9837   -0.1799    0.0021
    0.1758   -0.9585    0.2244
   -0.0384    0.2211    0.9745
...   145 C-G ...
   -3.4168   97.3065  465.6940
   -0.7228   -0.6881    0.0635
    0.6835   -0.6985    0.2119
   -0.1015    0.1966    0.9752
...   146 A-T ...
   -3.6100   97.8748  469.0290
   -0.1872   -0.9794    0.0763
    0.9708   -0.1725    0.1669
   -0.1503    0.1053    0.9830
...   147 T-A ...
   -4.6747   98.2180  472.2777
    0.3394   -0.9243    0.1747
    0.9282    0.3591    0.0968
   -0.1523    0.1293    0.9798
...   148 G-C ...
   -4.8455   98.5048  475.6498
    0.8226   -0.5596    0.1010
    0.5615    0.8274    0.0108
   -0.0896    0.0479    0.9948
...   149 G-C ...
   -5.1927   98.1979  478.9308
    0.9995   -0.0185    0.0241
    0.0193    0.9992   -0.0338
   -0.0234    0.0342    0.9991
...   150 C-G ...
   -5.2335   98.2518  482.3109
    0.8360    0.5486   -0.0104
   -0.5486    0.8352   -0.0380
   -0.0122    0.0375    0.9992
...   151 G-C ...
   -5.6324   98.8455  485.7740
    0.3794    0.9197   -0.1014
   -0.9246    0.3810   -0.0034
    0.0355    0.0950    0.9948
...   152 G-C ...
   -5.0511   99.1998  489.0169
   -0.1906    0.9697   -0.1527
   -0.9810   -0.1826    0.0650
    0.0351    0.1622    0.9861
...   153 C-G ...
   -4.8800   99.7974  492.3400
   -0.7117    0.6953   -0.1003
   -0.7019   -0.6977    0.1433
    0.0296    0.1724    0.9846
...   154 C-G ...
   -4.6720  100.8405  495.4782
   -0.9798    0.1883   -0.0670
   -0.1981   -0.9595    0.2002
   -0.0266    0.2095    0.9775
...   155 A-T ...
   -4.7582  101.3712  498.8238
   -0.9084   -0.4166   -0.0368
    0.3977   -0.8877    0.2321
   -0.1294    0.1962    0.9720
...   156 G-C ...
   -5.5014  102.0611  502.0616
   -0.5360   -0.8434    0.0371
    0.8300   -0.5184    0.2057
   -0.1543    0.1411    0.9779
...   157 T-A ...
   -6.4988  102.8644  505.2534
   -0.0210   -0.9916    0.1272
    0.9853    0.0010    0.1707
   -0.1694    0.1290    0.9771
...   158 A-T ...
   -6.9919  103.1599  508.5437
    0.5786   -0.8071    0.1178
    0.8031    0.5890    0.0906
   -0.1425    0.0422    0.9889
...   159 C-G ...
   -7.6124  102.7473  511.9012
    0.9155   -0.3808    0.1296
    0.3830    0.9237    0.0093
   -0.1233    0.0412    0.9915
...   160 T-A ...
   -8.0891  102.5774  515.2561
    0.9806    0.1834    0.0686
   -0.1822    0.9830   -0.0228
   -0.0716    0.0098    0.9974
...   161 T-A ...
   -8.1325  102.4142  518.5289
    0.6952    0.7178    0.0374
   -0.7175    0.6961   -0.0229
   -0.0425   -0.0110    0.9990
...   162 A-T ...
   -8.2341  102.5282  521.8655
    0.1392    0.9878   -0.0703
   -0.9903    0.1387   -0.0121
   -0.0022    0.0713    0.9975
...   163 C-G ...
   -7.7574  103.0744  525.2274
   -0.3989    0.9131   -0.0845
   -0.9169   -0.3987    0.0200
   -0.0154    0.0855    0.9962
...   164 A-T ...
   -7.9567  103.2565  528.6052
   -0.8479    0.5067   -0.1561
   -0.5235   -0.8467    0.0950
   -0.0840    0.1623    0.9832
...   165 T-A ...
   -8.0476  104.3289  531.8682
   -0.9981   -0.0017   -0.0613
   -0.0079   -0.9878    0.1557
   -0.0608    0.1559    0.9859
...   166 G-C ...
   -8.5199  104.5856  535.2139
   -0.8110   -0.5821   -0.0580
    0.5628   -0.8035    0.1942
   -0.1596    0.1249    0.9792
...   167 C-G ...
   -9.1259  105.0339  538.5095
   -0.3497   -0.9355    0.0509
    0.9219   -0.3340    0.1964
   -0.1667    0.1156    0.9792
...   168 A-T ...
   -9.5123  105.4029  541.8557
    0.2594   -0.9641    0.0568
    0.9505    0.2653    0.1615
   -0.1708    0.0121    0.9852
...   169 C-G ...
  -10.4112  104.9716  545.1472
    0.7210   -0.6833    0.1148
    0.6757    0.7301    0.1017
   -0.1533    0.0043    0.9882
...   170 A-T ...
  -10.8383  105.1430  548.5044
    0.9889   -0.1389    0.0537
    0.1364    0.9895    0.0476
   -0.0597   -0.0398    0.9974
...   171 G-C ...
  -10.7960  104.8166  551.8812
    0.9053    0.4246    0.0110
   -0.4247    0.9053    0.0015
   -0.0093   -0.0060    0.9999
...   172 G-C ...
  -10.4537  104.5148  555.1632
    0.5245    0.8495   -0.0565
   -0.8506    0.5257    0.0078
    0.0363    0.0440    0.9984
...   173 A-T ...
  -10.3843  104.5144  558.5235
   -0.0570    0.9918   -0.1141
   -0.9980   -0.0535    0.0336
    0.0272    0.1158    0.9929
...   174 T-A ...
   -9.7491  105.0463  561.8581
   -0.5652    0.8230   -0.0569
   -0.8242   -0.5604    0.0813
    0.0350    0.0929    0.9951
...   175 G-C ...
  -10.0050  105.4261  565.2156
   -0.9353    0.3400   -0.0979
   -0.3508   -0.9272    0.1311
   -0.0462    0.1570    0.9865
...   176 T-A ...
   -9.9325  106.4946  568.4837
   -0.9801   -0.1969   -0.0270
    0.1891   -0.9657    0.1778
   -0.0611    0.1691    0.9837
...   177 A-T ...
  -10.2553  106.9586  571.7757
   -0.6704   -0.7420   -0.0025
    0.7285   -0.6589    0.1874
   -0.1407    0.1238    0.9823
...   178 A-T ...
  -10.8452  107.4531  574.9611
   -0.1231   -0.9888    0.0843
    0.9854   -0.1117    0.1282
   -0.1173    0.0988    0.9882
...   179 C-G ...
  -11.7193  107.4716  578.2873
    0.4123   -0.9030    0.1207
    0.9051    0.4211    0.0588
   -0.1040    0.0850    0.9909
...   180 C-G ...
  -12.3356  107.3344  581.5402
    0.8456   -0.5291    0.0710
    0.5299    0.8480    0.0090
   -0.0650    0.0300    0.9974
...   181 T-A ...
  -12.6650  107.1408  584.9115
    0.9996    0.0186    0.0191
   -0.0187    0.9998    0.0092
   -0.0189   -0.0095    0.9998
...   182 G-C ...
  -12.4679  107.3847  588.2855
    0.8049    0.5883   -0.0778
   -0.5880    0.8083    0.0286
    0.0797    0.0227    0.9966
...   183 C-G ...
  -12.1308  107.4354  591.6490
    0.3313    0.9417   -0.0592
   -0.9395    0.3350    0.0710
    0.0867    0.0321    0.9957
...   184 A-T ...
  -12.0177  107.5662  595.0332
   -0.2765    0.9551   -0.1062
   -0.9569   -0.2635    0.1222
    0.0888    0.1355    0.9868
...   185 G-C ...
  -11.6424  108.3215  598.3195
   -0.7575    0.6478   -0.0816
   -0.6518   -0.7431    0.1514
    0.0374    0.1679    0.9851
...   186 A-T ...
  -11.3786  108.8100  601.6343
   -0.9941    0.0956   -0.0519
   -0.1030   -0.9808    0.1659
   -0.0351    0.1702    0.9848
...   187 T-A ...
  -11.5512  109.9375  604.8754
   -0.9041   -0.4224    0.0645
    0.4272   -0.8895    0.1623
   -0.0112    0.1743    0.9846
...   188 A-T ...
  -11.6790  110.3941  608.1818
   -0.4734   -0.8787    0.0619
    0.8774   -0.4642    0.1210
   -0.0776    0.1116    0.9907
...   189 C-G ...
  -12.5007  110.6507  611.5114
    0.0565   -0.9936    0.0979
    0.9959    0.0630    0.0644
   -0.0702    0.0938    0.9931
...   190 T-A ...
  -13.0414  110.8854  614.8527
    0.5938   -0.8014    0.0720
    0.8010    0.5973    0.0408
   -0.0757    0.0334    0.9966
...   191 A-T ...
  -13.1524  110.9333  618.1907
    0.9556   -0.2945   -0.0048
    0.2946    0.9554    0.0189
   -0.0010   -0.0194    0.9998
...   192 C-G ...
  -12.9314  110.3410  621.5712
    0.9685    0.2487   -0.0125
   -0.2485    0.9685    0.0121
    0.0151   -0.0086    0.9998
...   193 C-G ...
  -12.5223  109.9671  624.8381
    0.6718    0.7377   -0.0663
   -0.7367    0.6748    0.0429
    0.0764    0.0201    0.9969
...   194 A-T ...
  -12.4214  110.1256  628.2215
    0.1177    0.9847   -0.1283
   -0.9859    0.1313    0.1034
    0.1186    0.1143    0.9863
...   195 A-T ...
  -11.8742  110.4994  631.4309
   -0.4761    0.8768   -0.0670
   -0.8753   -0.4651    0.1322
    0.0848    0.1216    0.9889
...   196 A-T ...
  -11.4677  110.9895  634.6455
   -0.8960    0.4441   -0.0004
   -0.4409   -0.8894    0.1203
    0.0530    0.1080    0.9927
...   197 A-T ...
  -11.2428  111.4933  637.8759
   -0.9870   -0.1538    0.0469
    0.1569   -0.9850    0.0720
    0.0352    0.0784    0.9963
...   198 G-C ...
  -11.4135  111.8710  641.2434
   -0.7427   -0.6694    0.0187
    0.6696   -0.7423    0.0256
   -0.0033    0.0315    0.9995
...   199 T-A ...
  -11.8002  112.4304  644.6146
   -0.2829   -0.9590    0.0171
    0.9589   -0.2824    0.0272
   -0.0212    0.0240    0.9995
...   200 G-C ...
  -11.6869  112.1798  647.9920
    0.3207   -0.9447   -0.0691
    0.9470    0.3182    0.0445
   -0.0200   -0.0797    0.9966
...   201 T-A ...
  -12.3192  111.7457  651.3446
    0.7687   -0.6378   -0.0478
    0.6393    0.7638    0.0891
   -0.0203   -0.0990    0.9949
...   202 A-T ...
  -12.2336  111.3865  654.6642
    0.9959   -0.0535   -0.0725
    0.0626    0.9897    0.1284
    0.0648   -0.1324    0.9891
...   203 T-A ...
  -11.9376  110.3870  657.9382
    0.8854    0.4639    0.0277
   -0.4629    0.8751    0.1409
    0.0412   -0.1376    0.9896
...   204 T-A ...
  -11.5635  109.8095  661.1423
    0.4547    0.8852    0.0987
   -0.8875    0.4409    0.1340
    0.0751   -0.1485    0.9861
...   205 T-A ...
  -11.0477  109.3590  664.3471
   -0.1424    0.9780    0.1527
   -0.9838   -0.1569    0.0872
    0.1092   -0.1378    0.9844
...   206 G-C ...
  -10.9845  109.1127  667.7261
   -0.6898    0.7199    0.0771
   -0.7211   -0.6926    0.0156
    0.0646   -0.0448    0.9969
...   207 G-C ...
  -10.6243  109.4087  671.0067
   -0.9742    0.2257    0.0066
   -0.2258   -0.9740   -0.0166
    0.0027   -0.0177    0.9998
...   208 A-T ...
  -10.4578  109.3469  674.3630
   -0.9266   -0.3681   -0.0763
    0.3707   -0.9285   -0.0225
   -0.0626   -0.0492    0.9968
...   209 A-T ...
  -10.7408  109.3256  677.6278
   -0.5406   -0.8356   -0.0976
    0.8396   -0.5432   -0.0007
   -0.0524   -0.0823    0.9952
...   210 A-T ...
  -11.0568  109.1248  680.8834
    0.0450   -0.9937   -0.1023
    0.9987    0.0422    0.0294
   -0.0249   -0.1035    0.9943
...   211 C-G ...
  -11.5611  108.3881  684.2047
    0.5608   -0.8230   -0.0901
    0.8279    0.5562    0.0722
   -0.0093   -0.1150    0.9933
...   212 T-A ...
  -11.8123  107.7759  687.5324
    0.9214   -0.3801   -0.0810
    0.3883    0.9093    0.1496
    0.0168   -0.1693    0.9854
...   213 G-C ...
  -11.4053  107.3512  690.8695
    0.9706    0.2277   -0.0775
   -0.2086    0.9572    0.2005
    0.1199   -0.1785    0.9766
...   214 C-G ...
  -10.9490  106.6987  694.1552
    0.6819    0.7304    0.0383
   -0.7198    0.6608    0.2126
    0.1300   -0.1726    0.9764
...   215 T-A ...
  -10.2448  105.9580  697.3905
    0.1720    0.9796    0.1038
   -0.9690    0.1493    0.1967
    0.1772   -0.1345    0.9749
...   216 C-G ...
   -9.6287  105.8954  700.6939
   -0.4223    0.8952    0.1423
   -0.8854   -0.4410    0.1468
    0.1942   -0.0640    0.9789
...   217 C-G ...
   -8.7279  106.1077  703.8756
   -0.8488    0.5104    0.1379
   -0.5056   -0.8599    0.0705
    0.1545   -0.0099    0.9879
...   218 A-T ...
   -8.2612  105.9012  707.2255
   -0.9956   -0.0756    0.0547
    0.0762   -0.9971    0.0089
    0.0538    0.0130    0.9985
...   219 T-A ...
   -8.2312  106.4856  710.6113
   -0.8105   -0.5809    0.0746
    0.5807   -0.8137   -0.0273
    0.0766    0.0213    0.9968
...   220 C-G ...
   -8.2645  106.2959  713.9667
   -0.3367   -0.9415   -0.0107
    0.9415   -0.3365   -0.0195
    0.0148   -0.0167    0.9998
...   221 A-T ...
   -8.0338  106.2170  717.3465
    0.2632   -0.9574   -0.1190
    0.9647    0.2627    0.0205
    0.0116   -0.1202    0.9927
...   222 A-T ...
   -8.1432  105.7621  720.5901
    0.7717   -0.6268   -0.1075
    0.6343    0.7708    0.0591
    0.0458   -0.1138    0.9924
...   223 A-T ...
   -8.0779  105.2544  723.8270
    0.9951   -0.0637   -0.0758
    0.0700    0.9940    0.0840
    0.0700   -0.0889    0.9936
...   224 A-T ...
   -7.8393  104.8045  727.0643
    0.8509    0.5241   -0.0356
   -0.5199    0.8499    0.0859
    0.0752   -0.0546    0.9957
...   225 G-C ...
   -7.2753  104.6279  730.4053
    0.4246    0.9044   -0.0428
   -0.9006    0.4267    0.0823
    0.0927    0.0036    0.9957
...   226 G-C ...
   -6.5063  104.6600  733.6282
   -0.1436    0.9880   -0.0570
   -0.9850   -0.1371    0.1048
    0.0957    0.0712    0.9929
...   227 C-G ...
   -6.1285  104.9481  736.9754
   -0.6758    0.7371    0.0010
   -0.7315   -0.6708    0.1221
    0.0907    0.0818    0.9925
...   228 A-T ...
   -5.9249  105.0763  740.3554
   -0.9777    0.2081   -0.0277
   -0.2099   -0.9691    0.1296
    0.0001    0.1325    0.9912
...   229 T-A ...
   -5.9175  106.0819  743.6409
   -0.9447   -0.3211    0.0666
    0.3270   -0.9375    0.1187
    0.0243    0.1339    0.9907
...   230 G-C ...
   -5.9981  106.1933  747.0267
   -0.5843   -0.8112    0.0245
    0.8094   -0.5802    0.0909
   -0.0595    0.0729    0.9956
...   231 T-A ...
   -6.6611  106.8012  750.3461
   -0.0741   -0.9957    0.0562
    0.9944   -0.0695    0.0796
   -0.0754    0.0618    0.9952
...   232 T-A ...
   -7.1444  106.8674  753.5867
    0.5148   -0.8529    0.0865
    0.8511    0.5206    0.0677
   -0.1028    0.0388    0.9939
...   233 C-G ...
   -7.2510  106.6889  756.9413
    0.9133   -0.4037    0.0534
    0.4012    0.9145    0.0516
   -0.0697   -0.0257    0.9972
...   234 A-T ...
   -7.4517  106.7806  760.3227
    0.9800    0.1973   -0.0258
   -0.1961    0.9797    0.0420
    0.0336   -0.0361    0.9988
...   235 G-C ...
   -7.0444  106.5585  763.6837
    0.7113    0.7004   -0.0587
   -0.6993    0.7137    0.0402
    0.0700    0.0125    0.9975
...   236 C-G ...
   -6.7369  106.5850  767.0503
    0.1914    0.9808   -0.0369
   -0.9786    0.1936    0.0698
    0.0756    0.0228    0.9969
...   237 T-A ...
   -6.1677  106.6643  770.3942
   -0.3772    0.9254   -0.0380
   -0.9212   -0.3706    0.1188
    0.0958    0.0799    0.9922
...   238 G-C ...
   -6.1950  107.0789  773.7572
   -0.8437    0.5333   -0.0608
   -0.5359   -0.8307    0.1509
    0.0300    0.1599    0.9867
...   239 G-C ...
   -6.0587  108.0631  776.9182
   -0.9992   -0.0191   -0.0340
    0.0130   -0.9850    0.1719
   -0.0367    0.1714    0.9845
...   240 A-T ...
   -6.0287  108.6739  780.2231
   -0.8084   -0.5886   -0.0012
    0.5813   -0.7987    0.1555
   -0.0925    0.1250    0.9878
...   241 T-A ...
   -6.7518  109.4720  783.4859
   -0.3922   -0.9141    0.1026
    0.9166   -0.3790    0.1272
   -0.0774    0.1440    0.9866
...   242 T-A ...
   -7.2722  109.8893  786.6944
    0.2103   -0.9658    0.1520
    0.9714    0.2240    0.0794
   -0.1107    0.1309    0.9852
...   243 C-G ...
   -7.5179  109.9617  790.0456
    0.7330   -0.6706    0.1141
    0.6728    0.7394    0.0235
   -0.1002    0.0596    0.9932
...   244 C-G ...
   -7.9390  109.6672  793.3191
    0.9861   -0.1594    0.0461
    0.1603    0.9869   -0.0170
   -0.0427    0.0241    0.9988
...   245 A-T ...
   -8.0943  109.9305  796.6939
    0.8987    0.4326   -0.0712
   -0.4344    0.9007   -0.0099
    0.0598    0.0399    0.9974
...   246 G-C ...
   -7.5829  110.0405  800.0462
    0.5121    0.8498   -0.1249
   -0.8549    0.5184    0.0214
    0.0829    0.0958    0.9919
...   247 C-G ...
   -7.2301  110.3661  803.3926
   -0.0610    0.9929   -0.1020
   -0.9945   -0.0517    0.0916
    0.0857    0.1070    0.9906
...   248 T-A ...
   -6.6377  110.8065  806.7043
   -0.5975    0.7979   -0.0803
   -0.7967   -0.5793    0.1723
    0.0910    0.1669    0.9818
...   249 G-C ...
   -6.7064  111.4236  810.0355
   -0.9514    0.3015   -0.0635
   -0.3080   -0.9259    0.2186
    0.0071    0.2275    0.9738
...   250 A-T ...
   -6.5261  112.1717  813.3072
   -0.9551   -0.2964    0.0019
    0.2902   -0.9335    0.2107
   -0.0607    0.2018    0.9775
...   251 A-T ...
   -6.7907  112.9742  816.4735
   -0.6104   -0.7856    0.1014
    0.7903   -0.5953    0.1448
   -0.0534    0.1685    0.9842
...   252 C-G ...
   -7.5427  113.5156  819.7855
   -0.1062   -0.9838    0.1441
    0.9931   -0.0978    0.0641
   -0.0489    0.1499    0.9875
...   253 A-T ...
   -7.5276  114.0445  823.1325
    0.4867   -0.8717    0.0561
    0.8731    0.4875    0.0000
   -0.0274    0.0490    0.9984
...   254 T-A ...
   -8.0468  113.8454  826.5231
    0.8679   -0.4916    0.0713
    0.4948    0.8683   -0.0356
   -0.0444    0.0661    0.9968
...   255 G-C ...
   -7.8314  114.1727  829.8889
    0.9941    0.0903   -0.0606
   -0.0927    0.9950   -0.0380
    0.0569    0.0434    0.9974
...   256 C-G ...
   -7.5942  114.2623  833.2601
    0.7674    0.6358   -0.0826
   -0.6376    0.7704    0.0063
    0.0676    0.0479    0.9966
...   257 C-G ...
   -6.9008  114.2591  836.5003
    0.2879    0.9491   -0.1279
   -0.9512    0.2989    0.0762
    0.1105    0.0997    0.9889
...   258 T-A ...
   -6.2158  114.5637  839.8094
   -0.2830    0.9528   -0.1102
   -0.9494   -0.2620    0.1734
    0.1363    0.1537    0.9787
...   259 T-A ...
   -5.5981  115.2701  842.9493
   -0.7805    0.6252    0.0050
   -0.6060   -0.7585    0.2397
    0.1536    0.1841    0.9708
...   260 T-A ...
   -5.0773  116.1385  846.0660
   -0.9880    0.0707    0.1374
   -0.0380   -0.9731    0.2270
    0.1498    0.2191    0.9641
...   261 T-A ...
   -4.7298  117.0856  849.1840
   -0.8290   -0.5061    0.2382
    0.5449   -0.8267    0.1399
    0.1261    0.2458    0.9611
...   262 G-C ...
   -4.3780  117.5544  852.5215
   -0.3754   -0.9094    0.1792
    0.9250   -0.3800    0.0091
    0.0598    0.1692    0.9838
...   263 A-T ...
   -4.1501  118.2749  855.7964
    0.2146   -0.9734    0.0808
    0.9734    0.2063   -0.0998
    0.0805    0.1001    0.9917
...   264 T-A ...
   -4.3893  118.3926  859.2220
    0.6897   -0.7230    0.0406
    0.7208    0.6801   -0.1337
    0.0691    0.1215    0.9902
...   265 G-C ...
   -3.7778  118.7937  862.5307
    0.9672   -0.2113   -0.1411
    0.1982    0.9749   -0.1011
    0.1590    0.0698    0.9848
...   266 G-C ...
   -3.1278  118.5735  865.7724
    0.9053    0.3515   -0.2386
   -0.3608    0.9326    0.0049
    0.2242    0.0817    0.9711
...   267 A-T ...
   -2.5025  118.7628  869.0693
    0.5200    0.8127   -0.2629
   -0.8142    0.5646    0.1352
    0.2583    0.1437    0.9553
...   268 G-C ...
   -1.3627  119.3783  872.2052
   -0.0234    0.9787   -0.2037
   -0.9683    0.0284    0.2480
    0.2485    0.2031    0.9471
...   269 C-G ...
   -0.4645  120.1017  875.3831
   -0.5689    0.8215   -0.0387
   -0.7851   -0.5285    0.3230
    0.2449    0.2141    0.9456
...   270 A-T ...
    0.2473  120.6997  878.6417
   -0.9367    0.3451    0.0596
   -0.3103   -0.8968    0.3155
    0.1624    0.2770    0.9470
...   271 G-C ...
    0.5929  121.8686  881.8080
   -0.9624   -0.2158    0.1648
    0.2495   -0.9423    0.2232
    0.1071    0.2560    0.9607
...   272 T-A ...
    0.8326  123.2950  884.9283
   -0.6912   -0.6798    0.2454
    0.7173   -0.6865    0.1186
    0.0878    0.2580    0.9621
...   273 T-A ...
    0.8515  124.1902  888.0807
   -0.1498   -0.9529    0.2636
    0.9873   -0.1582   -0.0109
    0.0521    0.2587    0.9646
...   274 T-A ...
    0.7746  124.9260  891.2732
    0.4483   -0.8704    0.2036
    0.8936    0.4305   -0.1270
    0.0229    0.2389    0.9708
...   275 C-G ...
    1.0637  125.4047  894.5874
    0.8760   -0.4807    0.0395
    0.4796    0.8596   -0.1760
    0.0507    0.1731    0.9836
...   276 C-G ...
    1.2561  125.4809  897.8945
    0.9905    0.0578   -0.1248
   -0.0757    0.9868   -0.1434
    0.1148    0.1515    0.9818
...   277 A-T ...
    1.5918  126.1667  901.1959
    0.7516    0.5967   -0.2810
   -0.6254    0.7801   -0.0163
    0.2094    0.1880    0.9596
...   278 A-T ...
    2.3922  126.6706  904.3336
    0.2474    0.9333   -0.2601
   -0.9501    0.2863    0.1236
    0.1898    0.2166    0.9576
...   279 A-T ...
    3.1695  127.3535  907.4431
   -0.3512    0.9221   -0.1623
   -0.9230   -0.3118    0.2257
    0.1576    0.2291    0.9606
...   280 T-A ...
    4.1726  128.4041  910.5569
   -0.7748    0.6322    0.0006
   -0.6085   -0.7459    0.2709
    0.1717    0.2095    0.9626
...   281 A-T ...
    4.5939  129.1324  913.7893
   -0.9958    0.0500    0.0764
   -0.0298   -0.9689    0.2457
    0.0863    0.2424    0.9663
...   282 C-G ...
    4.5317  130.3964  916.9871
   -0.8659   -0.4682    0.1759
