 1984 base-pairs
...     1 A-T ...
    0.0000    0.0000    0.0000
    1.0000    0.0000    0.0000
    0.0000    1.0000    0.0000
    0.0000    0.0000    1.0000
...     2 C-G ...
    0.3695   -0.4371    3.3912
    0.8523    0.5227   -0.0183
   -0.5228    0.8524   -0.0064
    0.0123    0.0151    0.9998
...     3 A-T ...
    0.2842   -0.2554    6.7738
    0.3934    0.9118   -0.1177
   -0.9159    0.3998    0.0356
    0.0795    0.0938    0.9924
...     4 G-C ...
    0.8017    0.2438   10.0896
   -0.1739    0.9749   -0.1387
   -0.9829   -0.1633    0.0850
    0.0602    0.1511    0.9867
...     5 G-C ...
    1.3678    1.0192   13.2611
   -0.6862    0.7148   -0.1350
   -0.7271   -0.6678    0.1593
    0.0237    0.2075    0.9779
...     6 A-T ...
    1.5771    1.6279   16.5598
   -0.9775    0.1905   -0.0907
   -0.2054   -0.9574    0.2029
   -0.0482    0.2169    0.9750
...     7 T-A ...
    1.4183    2.9115   19.7431
   -0.9433   -0.3281    0.0504
    0.3311   -0.9190    0.2141
   -0.0240    0.2187    0.9755
...     8 G-C ...
    1.1765    3.3114   23.0993
   -0.5760   -0.8147    0.0674
    0.8104   -0.5583    0.1779
   -0.1073    0.1571    0.9817
...     9 T-A ...
    0.3509    4.1916   26.3197
   -0.0660   -0.9882    0.1384
    0.9902   -0.0477    0.1312
   -0.1230    0.1457    0.9816
...    10 A-T ...
    0.0067    4.5397   29.6238
    0.5413   -0.8345    0.1031
    0.8348    0.5480    0.0522
   -0.1001    0.0578    0.9933
...    11 A-T ...
   -0.4421    4.6246   32.8689
    0.9262   -0.3657    0.0921
    0.3706    0.9278   -0.0434
   -0.0696    0.0743    0.9948
...    12 C-G ...
   -0.4978    4.3360   36.2955
    0.9844    0.1719    0.0376
   -0.1679    0.9816   -0.0915
   -0.0526    0.0838    0.9951
...    13 C-G ...
   -0.3406    4.2392   39.6039
    0.7335    0.6749   -0.0809
   -0.6796    0.7301   -0.0714
    0.0109    0.1073    0.9942
...    14 T-A ...
   -0.0480    4.4194   42.9794
    0.2425    0.9582   -0.1517
   -0.9682    0.2489    0.0243
    0.0611    0.1410    0.9881
...    15 G-C ...
   -0.0404    5.2164   46.2728
   -0.3628    0.9086   -0.2070
   -0.9302   -0.3399    0.1384
    0.0554    0.2428    0.9685
...    16 C-G ...
    0.1892    6.0937   49.5297
   -0.8253    0.5552   -0.1035
   -0.5627   -0.7927    0.2344
    0.0481    0.2517    0.9666
...    17 A-T ...
    0.2847    6.7825   52.8461
   -0.9986   -0.0267   -0.0459
    0.0127   -0.9597    0.2807
   -0.0515    0.2797    0.9587
...    18 G-C ...
   -0.1595    7.8705   56.0290
   -0.8256   -0.5613    0.0568
    0.5560   -0.7922    0.2515
   -0.0962    0.2392    0.9662
...    19 A-T ...
   -0.3738    8.7863   59.2557
   -0.3529   -0.9279    0.1198
    0.9283   -0.3312    0.1692
   -0.1173    0.1709    0.9783
...    20 T-A ...
   -1.3215    9.4448   62.4920
    0.1764   -0.9610    0.2129
    0.9776    0.1964    0.0762
   -0.1151    0.1947    0.9741
...    21 A-T ...
   -1.6071    9.9785   65.7769
    0.7279   -0.6731    0.1312
    0.6820    0.7305   -0.0362
   -0.0714    0.1159    0.9907
...    22 C-G ...
   -1.8785    9.8034   69.2008
    0.9781   -0.1940    0.0747
    0.2013    0.9738   -0.1059
   -0.0522    0.1186    0.9916
...    23 T-A ...
   -2.0553    9.8915   72.5880
    0.9307    0.3635   -0.0402
   -0.3657    0.9264   -0.0894
    0.0047    0.0979    0.9952
...    24 A-T ...
   -1.9407   10.3379   75.8962
    0.5316    0.8295   -0.1715
   -0.8437    0.5365   -0.0202
    0.0753    0.1554    0.9850
...    25 C-G ...
   -1.1203   10.9369   79.1819
    0.0108    0.9846   -0.1747
   -0.9976    0.0226    0.0661
    0.0690    0.1736    0.9824
...    26 C-G ...
   -0.4681   11.7544   82.3261
   -0.5407    0.8236   -0.1712
   -0.8393   -0.5144    0.1762
    0.0571    0.2390    0.9693
...    27 A-T ...
   -0.4026   12.4389   85.6442
   -0.9261    0.3524   -0.1346
   -0.3765   -0.8856    0.2718
   -0.0234    0.3024    0.9529
...    28 A-T ...
   -0.4387   13.5766   88.7172
   -0.9727   -0.2308    0.0259
    0.2289   -0.9340    0.2742
   -0.0391    0.2726    0.9613
...    29 A-T ...
   -0.6233   14.6122   91.8209
   -0.6606   -0.7339    0.1580
    0.7500   -0.6356    0.1831
   -0.0340    0.2394    0.9703
...    30 A-T ...
   -0.8672   15.4815   94.9712
   -0.1051   -0.9714    0.2130
    0.9944   -0.1005    0.0322
   -0.0099    0.2152    0.9765
...    31 G-C ...
   -1.0844   15.9634   98.3227
    0.4538   -0.8805    0.1371
    0.8908    0.4438   -0.0981
    0.0255    0.1667    0.9857
...    32 T-A ...
   -1.5325   16.2888  101.7170
    0.8522   -0.5205    0.0535
    0.5225    0.8410   -0.1404
    0.0281    0.1476    0.9886
...    33 G-C ...
   -1.0697   16.8755  105.0221
    0.9900    0.0431   -0.1343
   -0.0586    0.9917   -0.1141
    0.1283    0.1208    0.9844
...    34 T-A ...
   -0.6248   16.7010  108.4279
    0.8116    0.5537   -0.1861
   -0.5655    0.8247   -0.0122
    0.1467    0.1152    0.9824
...    35 A-T ...
   -0.0678   17.2233  111.6796
    0.3058    0.9208   -0.2422
   -0.9307    0.3427    0.1278
    0.2006    0.1863    0.9618
...    36 T-A ...
    1.1586   17.7684  114.8426
   -0.2160    0.9692   -0.1184
   -0.9558   -0.1851    0.2285
    0.1995    0.1625    0.9663
...    37 T-A ...
    1.9965   18.4847  117.9287
   -0.7293    0.6834    0.0327
   -0.6478   -0.7052    0.2882
    0.2200    0.1890    0.9570
...    38 T-A ...
    2.7549   19.3640  120.9932
   -0.9703    0.1495    0.1904
   -0.0995   -0.9633    0.2493
    0.2207    0.2229    0.9495
...    39 G-C ...
    3.2131   19.8932  124.3087
   -0.8685   -0.4517    0.2041
    0.4808   -0.8678    0.1257
    0.1203    0.2073    0.9709
...    40 G-C ...
    3.2199   20.8338  127.4859
   -0.4706   -0.8649    0.1745
    0.8789   -0.4770    0.0058
    0.0782    0.1561    0.9846
...    41 A-T ...
    3.5259   21.5068  130.7646
    0.1090   -0.9912    0.0750
    0.9898    0.1013   -0.0999
    0.0914    0.0851    0.9922
...    42 A-T ...
    3.6703   21.7488  134.0296
    0.6587   -0.7522   -0.0187
    0.7418    0.6533   -0.1512
    0.1259    0.0857    0.9883
...    43 A-T ...
    3.9785   21.9101  137.2882
    0.9631   -0.2383   -0.1247
    0.2209    0.9654   -0.1388
    0.1534    0.1061    0.9824
...    44 C-G ...
    4.7582   21.7599  140.6345
    0.9336    0.2995   -0.1968
   -0.3162    0.9468   -0.0594
    0.1685    0.1177    0.9786
...    45 T-A ...
    5.4841   21.8845  143.9464
    0.6011    0.7618   -0.2415
   -0.7662    0.6352    0.0968
    0.2271    0.1268    0.9656
...    46 G-C ...
    6.2010   22.6864  147.1597
    0.0284    0.9712   -0.2364
   -0.9646    0.0886    0.2484
    0.2622    0.2209    0.9394
...    47 C-G ...
    7.1473   23.4663  150.3102
   -0.5242    0.8491   -0.0653
   -0.8112   -0.4745    0.3417
    0.2592    0.2321    0.9375
...    48 T-A ...
    8.2400   24.4503  153.3679
   -0.8930    0.4411    0.0893
   -0.3841   -0.8503    0.3598
    0.2347    0.2870    0.9288
...    49 C-G ...
    8.6605   25.5423  156.5187
   -0.9640   -0.1403    0.2261
    0.2035   -0.9361    0.2868
    0.1714    0.3224    0.9309
...    50 C-G ...
    8.8827   26.9588  159.5059
   -0.7043   -0.6491    0.2874
    0.7014   -0.6988    0.1407
    0.1095    0.3006    0.9474
...    51 A-T ...
    9.4058   27.8777  162.7253
   -0.1828   -0.9581    0.2205
    0.9812   -0.1920   -0.0204
    0.0619    0.2127    0.9752
...    52 T-A ...
    9.0552   28.5978  166.0666
    0.3535   -0.9136    0.2008
    0.9335    0.3308   -0.1381
    0.0597    0.2362    0.9699
...    53 C-G ...
    9.4323   29.0466  169.3761
    0.8191   -0.5729    0.0309
    0.5680    0.8023   -0.1835
    0.0804    0.1678    0.9825
...    54 A-T ...
    9.7728   29.7799  172.6668
    0.9839   -0.0238   -0.1773
   -0.0009    0.9904   -0.1382
    0.1789    0.1361    0.9744
...    55 A-T ...
   10.3789   30.0679  175.8745
    0.7983    0.5496   -0.2463
   -0.5742    0.8179   -0.0361
    0.1816    0.1703    0.9685
...    56 A-T ...
   11.0810   30.5069  179.0452
    0.3157    0.9171   -0.2435
   -0.9346    0.3449    0.0872
    0.1639    0.2001    0.9660
...    57 A-T ...
   11.7724   31.1262  182.1882
   -0.2859    0.9431   -0.1700
   -0.9491   -0.2541    0.1862
    0.1324    0.2146    0.9677
...    58 G-C ...
   12.2914   32.1441  185.3829
   -0.7636    0.6380   -0.0990
   -0.6406   -0.7294    0.2399
    0.0809    0.2467    0.9657
...    59 G-C ...
   12.6555   33.3938  188.4301
   -0.9929    0.1179   -0.0158
   -0.1178   -0.9564    0.2671
    0.0163    0.2671    0.9635
...    60 C-G ...
   12.6786   34.3596  191.6698
   -0.8861   -0.4458    0.1270
    0.4635   -0.8550    0.2327
    0.0048    0.2651    0.9642
...    61 A-T ...
   12.8126   35.1222  194.9688
   -0.4565   -0.8785    0.1410
    0.8871   -0.4374    0.1473
   -0.0677    0.1923    0.9790
...    62 T-A ...
   12.0441   35.9174  198.2219
    0.0677   -0.9732    0.2197
    0.9957    0.0798    0.0465
   -0.0628    0.2156    0.9744
...    63 G-C ...
   12.1206   36.4063  201.5741
    0.6312   -0.7679    0.1094
    0.7752    0.6292   -0.0564
   -0.0255    0.1204    0.9924
...    64 T-A ...
   11.5631   36.4634  204.9673
    0.9436   -0.3270    0.0516
    0.3305    0.9395   -0.0903
   -0.0190    0.1023    0.9946
...    65 T-A ...
   11.5653   36.5346  208.2437
    0.9611    0.2759   -0.0130
   -0.2762    0.9586   -0.0691
   -0.0066    0.0700    0.9975
...    66 C-G ...
   11.9038   36.9169  211.5657
    0.6300    0.7693   -0.1064
   -0.7740    0.6332   -0.0040
    0.0643    0.0848    0.9943
...    67 A-T ...
   11.9589   37.2859  214.9336
    0.0635    0.9802   -0.1874
   -0.9928    0.0811    0.0878
    0.1013    0.1805    0.9783
...    68 G-C ...
   12.4735   38.1463  218.1750
   -0.4932    0.8536   -0.1678
   -0.8676   -0.4684    0.1669
    0.0639    0.2279    0.9716
...    69 C-G ...
   12.7230   38.9788  221.4421
   -0.8976    0.4374   -0.0550
   -0.4373   -0.8678    0.2359
    0.0554    0.2358    0.9702
...    70 T-A ...
   12.9883   40.0707  224.6435
   -0.9922   -0.1181    0.0386
    0.1242   -0.9557    0.2668
    0.0054    0.2695    0.9630
...    71 G-C ...
   12.7763   40.6876  227.9687
   -0.7372   -0.6698    0.0892
    0.6698   -0.7069    0.2273
   -0.0892    0.2273    0.9697
...    72 G-C ...
   12.0463   41.5801  231.0752
   -0.2437   -0.9605    0.1342
    0.9627   -0.2228    0.1537
   -0.1177    0.1666    0.9790
...    73 A-T ...
   11.6567   42.2946  234.3362
    0.3567   -0.9256    0.1266
    0.9301    0.3645    0.0446
   -0.0874    0.1018    0.9910
...    74 T-A ...
   10.8880   42.3363  237.6848
    0.7848   -0.6002    0.1545
    0.6113    0.7907   -0.0339
   -0.1018    0.1210    0.9874
...    75 T-A ...
   10.5321   42.4623  240.9401
    0.9941   -0.0330    0.1036
    0.0417    0.9957   -0.0827
   -0.1004    0.0865    0.9912
...    76 C-G ...
   10.5841   42.7817  244.2855
    0.8437    0.5365   -0.0183
   -0.5360    0.8402   -0.0818
   -0.0285    0.0788    0.9965
...    77 C-G ...
   10.9396   42.8242  247.5796
    0.4132    0.9024   -0.1223
   -0.9104    0.4125   -0.0326
    0.0210    0.1248    0.9920
...    78 A-T ...
   10.8324   43.2841  250.9351
   -0.1867    0.9582   -0.2166
   -0.9819   -0.1747    0.0734
    0.0325    0.2263    0.9735
...    79 G-C ...
   11.0456   44.3335  254.1546
   -0.6925    0.6932   -0.1997
   -0.7213   -0.6713    0.1708
   -0.0157    0.2623    0.9649
...    80 C-G ...
   11.0092   45.2885  257.3974
   -0.9786    0.1901   -0.0792
   -0.2043   -0.9446    0.2571
   -0.0259    0.2677    0.9631
...    81 T-A ...
   10.9228   46.4962  260.5669
   -0.9292   -0.3684    0.0303
    0.3602   -0.8842    0.2974
   -0.0827    0.2872    0.9543
...    82 G-C ...
   10.4948   47.1257  263.8689
   -0.5421   -0.8343    0.1008
    0.8243   -0.5045    0.2569
   -0.1635    0.2223    0.9612
...    83 A-T ...
   10.0022   48.0173  267.0718
    0.0369   -0.9865    0.1592
    0.9870    0.0609    0.1485
   -0.1562    0.1517    0.9760
...    84 A-T ...
    9.3352   48.4837  270.2463
    0.6037   -0.7733    0.1939
    0.7878    0.6159    0.0031
   -0.1218    0.1509    0.9810
...    85 C-G ...
    8.8010   48.4403  273.6434
    0.9286   -0.3400    0.1489
    0.3567    0.9283   -0.1050
   -0.1025    0.1506    0.9833
...    86 A-T ...
    8.4807   49.1285  276.9458
    0.9702    0.2396   -0.0364
   -0.2423    0.9598   -0.1414
    0.0010    0.1460    0.9893
...    87 T-A ...
    8.7253   49.1218  280.3731
    0.7040    0.7055   -0.0813
   -0.7099    0.6959   -0.1086
   -0.0201    0.1341    0.9908
...    88 G-C ...
    8.6525   49.9498  283.6581
    0.1687    0.9594   -0.2260
   -0.9853    0.1708   -0.0107
    0.0283    0.2245    0.9741
...    89 C-G ...
    8.8149   50.7360  286.9421
   -0.4174    0.8857   -0.2034
   -0.9083   -0.4000    0.1221
    0.0268    0.2358    0.9714
...    90 C-G ...
    9.1784   51.9104  290.0192
   -0.8468    0.5061   -0.1638
   -0.5318   -0.8126    0.2385
   -0.0124    0.2891    0.9572
...    91 T-A ...
    9.2468   53.1696  293.1690
   -0.9982   -0.0330   -0.0504
    0.0147   -0.9447    0.3277
   -0.0584    0.3264    0.9434
...    92 T-A ...
    8.9051   54.4463  296.1678
   -0.8059   -0.5739    0.1456
    0.5865   -0.7401    0.3290
   -0.0811    0.3505    0.9330
...    93 T-A ...
    8.3872   55.6752  299.1613
   -0.3184   -0.8971    0.3063
    0.9410   -0.2600    0.2166
   -0.1146    0.3571    0.9270
...    94 T-A ...
    7.7508   56.7682  302.1845
    0.2845   -0.8834    0.3724
    0.9474    0.3185    0.0318
   -0.1467    0.3438    0.9275
...    95 G-C ...
    7.5893   57.7772  305.4154
    0.7883   -0.5707    0.2299
    0.6088    0.7775   -0.1574
   -0.0890    0.2640    0.9604
...    96 A-T ...
    7.1492   58.7257  308.6096
    0.9986   -0.0441    0.0293
    0.0503    0.9628   -0.2653
   -0.0165    0.2665    0.9637
...    97 T-A ...
    7.1764   59.0940  312.0256
    0.8795    0.4674   -0.0899
   -0.4742    0.8446   -0.2484
   -0.0402    0.2611    0.9645
...    98 G-C ...
    7.1464   60.3265  315.1820
    0.4485    0.8381   -0.3105
   -0.8932    0.4330   -0.1212
    0.0328    0.3317    0.9428
...    99 G-C ...
    7.7211   61.4179  318.2574
   -0.1157    0.9143   -0.3882
   -0.9926   -0.0916    0.0801
    0.0376    0.3945    0.9181
...   100 A-T ...
    7.8981   62.6048  321.3969
   -0.6623    0.6683   -0.3388
   -0.7491   -0.5991    0.2826
   -0.0141    0.4410    0.8974
...   101 G-C ...
    7.7898   64.3678  324.2937
   -0.9610    0.2067   -0.1836
   -0.2663   -0.8707    0.4135
   -0.0744    0.4463    0.8918
...   102 C-G ...
    7.5167   65.9375  327.2755
   -0.9426   -0.3260    0.0720
    0.3226   -0.8338    0.4480
   -0.0860    0.4455    0.8911
...   103 A-T ...
    7.3204   67.3097  330.3675
   -0.5742   -0.7867    0.2267
    0.8013   -0.4831    0.3529
   -0.1682    0.3843    0.9078
...   104 G-C ...
    6.4727   68.4724  333.4402
   -0.0344   -0.9443    0.3273
    0.9863    0.0209    0.1638
   -0.1615    0.3284    0.9306
...   105 T-A ...
    5.3467   69.5960  336.4894
    0.4883   -0.7980    0.3532
    0.8562    0.5163   -0.0174
   -0.1685    0.3109    0.9354
...   106 T-A ...
    4.6731   70.3755  339.6004
    0.8939   -0.3536    0.2754
    0.4104    0.8928   -0.1858
   -0.1802    0.2792    0.9432
...   107 T-A ...
    4.1231   71.0309  342.7638
    0.9672    0.2267    0.1146
   -0.1878    0.9420   -0.2780
   -0.1710    0.2473    0.9537
...   108 C-G ...
    3.9191   71.9856  345.9799
    0.6947    0.7095   -0.1187
   -0.7124    0.6557   -0.2501
   -0.0996    0.2583    0.9609
...   109 C-G ...
    4.0772   72.7396  349.2026
    0.1968    0.9347   -0.2959
   -0.9785    0.1681   -0.1197
   -0.0621    0.3131    0.9477
...   110 A-T ...
    3.6852   73.7918  352.3998
   -0.3936    0.8261   -0.4033
   -0.9163   -0.3877    0.1001
   -0.0737    0.4089    0.9096
...   111 A-T ...
    3.5811   75.2090  355.3528
   -0.8488    0.4410   -0.2917
   -0.5178   -0.8046    0.2906
   -0.1065    0.3977    0.9113
...   112 A-T ...
    3.2969   76.6475  358.2836
   -0.9894   -0.1138   -0.0905
    0.0711   -0.9217    0.3813
   -0.1269    0.3708    0.9200
...   113 T-A ...
    2.7178   78.3992  361.1821
   -0.8120   -0.5662    0.1416
    0.5743   -0.7318    0.3671
   -0.1042    0.3794    0.9193
...   114 A-T ...
    2.3034   79.5324  364.2967
   -0.3047   -0.9190    0.2501
    0.9393   -0.2463    0.2390
   -0.1580    0.3078    0.9382
...   115 C-G ...
    1.2443   80.3442  367.4664
    0.2341   -0.9177    0.3209
    0.9609    0.2685    0.0669
   -0.1476    0.2927    0.9447
...   116 A-T ...
    0.9064   81.4190  370.6623
    0.7551   -0.6224    0.2059
    0.6490    0.7542   -0.1002
   -0.0929    0.2093    0.9734
...   117 C-G ...
    0.5866   81.5690  374.0832
    0.9845   -0.1401    0.1053
    0.1590    0.9670   -0.1993
   -0.0739    0.2130    0.9743
...   118 T-A ...
    0.3502   81.9815  377.4426
    0.9140    0.4006   -0.0648
   -0.4055    0.8952   -0.1850
   -0.0161    0.1954    0.9806
...   119 T-A ...
    0.5253   82.4743  380.6777
    0.5114    0.8438   -0.1626
   -0.8592    0.5055   -0.0795
    0.0151    0.1804    0.9835
...   120 T-A ...
    0.8465   83.0729  383.8837
   -0.0793    0.9802   -0.1815
   -0.9956   -0.0689    0.0631
    0.0494    0.1858    0.9814
...   121 T-A ...
    1.2234   83.8402  387.0473
   -0.6404    0.7595   -0.1145
   -0.7645   -0.6159    0.1903
    0.0740    0.2094    0.9750
...   122 G-C ...
    1.0950   84.5804  390.3516
   -0.9662    0.2451   -0.0804
   -0.2576   -0.9326    0.2527
   -0.0131    0.2649    0.9642
...   123 G-C ...
    0.9485   85.8883  393.3926
   -0.9466   -0.3225    0.0068
    0.3124   -0.9115    0.2676
   -0.0801    0.2554    0.9635
...   124 T-A ...
    0.5165   87.2973  396.5000
   -0.6425   -0.7545    0.1339
    0.7598   -0.6046    0.2391
   -0.0994    0.2553    0.9617
...   125 A-T ...
    0.1551   88.0006  399.7452
   -0.0595   -0.9845    0.1648
    0.9893   -0.0362    0.1415
   -0.1333    0.1715    0.9761
...   126 G-C ...
   -0.4661   88.3212  403.0653
    0.4965   -0.8539    0.1563
    0.8627    0.5053    0.0197
   -0.0958    0.1250    0.9875
...   127 T-A ...
   -1.3098   88.4688  406.3960
    0.8754   -0.4651    0.1314
    0.4745    0.8789   -0.0500
   -0.0923    0.1061    0.9901
...   128 A-T ...
   -1.4624   88.8264  409.7135
    0.9908    0.1352   -0.0100
   -0.1355    0.9867   -0.0897
   -0.0022    0.0902    0.9959
...   129 T-A ...
   -1.2854   88.6041  413.1376
    0.7769    0.6289   -0.0318
   -0.6292    0.7733   -0.0780
   -0.0245    0.0806    0.9964
...   130 C-G ...
   -1.0935   89.1506  416.4483
    0.2785    0.9520   -0.1268
   -0.9598    0.2807   -0.0007
    0.0350    0.1219    0.9919
...   131 T-A ...
   -0.6618   89.5360  419.7915
   -0.2922    0.9443   -0.1515
   -0.9545   -0.2779    0.1085
    0.0604    0.1763    0.9825
...   132 G-C ...
   -0.7950   90.3053  423.0889
   -0.7901    0.5923   -0.1581
   -0.6130   -0.7625    0.2070
    0.0021    0.2605    0.9655
...   133 C-G ...
   -0.7817   91.2557  426.3333
   -0.9982    0.0553   -0.0243
   -0.0598   -0.9628    0.2635
   -0.0088    0.2644    0.9644
...   134 A-T ...
   -0.7826   91.9771  429.6442
   -0.8459   -0.5322    0.0354
    0.5221   -0.8126    0.2591
   -0.1091    0.2376    0.9652
...   135 G-C ...
   -1.4601   92.7642  432.8742
   -0.4173   -0.9018    0.1127
    0.9000   -0.3928    0.1890
   -0.1262    0.1803    0.9755
...   136 G-C ...
   -2.3371   93.3218  436.0206
    0.1516   -0.9795    0.1324
    0.9800    0.1664    0.1089
   -0.1287    0.1133    0.9852
...   137 T-A ...
   -3.3527   93.6318  439.2917
    0.6432   -0.7493    0.1577
    0.7542    0.6555    0.0384
   -0.1322    0.0943    0.9867
...   138 G-C ...
   -3.4222   93.9276  442.6666
    0.9683   -0.2440    0.0531
    0.2457    0.9690   -0.0272
   -0.0448    0.0394    0.9982
...   139 A-T ...
   -3.7298   94.0654  446.0107
    0.9362    0.3487   -0.0442
   -0.3508    0.9347   -0.0577
    0.0212    0.0696    0.9974
...   140 T-A ...
   -3.3611   93.8254  449.4183
    0.6192    0.7840   -0.0444
   -0.7852    0.6183   -0.0330
    0.0016    0.0553    0.9985
...   141 T-A ...
   -3.0851   93.9807  452.6801
    0.0514    0.9970   -0.0582
   -0.9980    0.0534    0.0333
    0.0363    0.0564    0.9978
...   142 C-G ...
   -2.9875   94.5577  455.9898
   -0.5297    0.8439   -0.0850
   -0.8470   -0.5210    0.1058
    0.0450    0.1281    0.9907
...   143 T-A ...
   -2.6078   95.2044  459.2987
   -0.9074    0.4162   -0.0583
   -0.4197   -0.8906    0.1749
    0.0209    0.1832    0.9829
...   144 C-G ...
   -2.9082   95.9385  462.5648
   -0.9840   -0.1779   -0.0034
    0.1727   -0.9597    0.2215
   -0.0427    0.2174    0.9752
...   145 C-G ...
   -3.3795   97.0111  465.6643
   -0.7245   -0.6868    0.0573
    0.6810   -0.7007    0.2126
   -0.1059    0.1930    0.9755
...   146 A-T ...
   -3.5879   97.5669  469.0005
   -0.1896   -0.9793    0.0716
    0.9696   -0.1752    0.1710
   -0.1549    0.1018    0.9827
...   147 G-C ...
   -4.3139   97.6755  472.3130
    0.3782   -0.9209    0.0940
    0.9174    0.3865    0.0953
   -0.1241    0.0502    0.9910
...   148 G-C ...
   -5.0181   97.4799  475.5450
    0.8252   -0.5611    0.0646
    0.5597    0.8277    0.0408
   -0.0764    0.0025    0.9971
...   149 G-C ...
   -5.3206   97.0236  478.8130
    0.9998   -0.0166    0.0099
    0.0164    0.9998    0.0113
   -0.0101   -0.0112    0.9999
...   150 C-G ...
   -5.3163   96.9242  482.1923
    0.8345    0.5510    0.0034
   -0.5510    0.8345    0.0072
    0.0011   -0.0079    1.0000
...   151 G-C ...
   -5.6739   97.3564  485.6837
    0.3609    0.9304   -0.0643
   -0.9314    0.3631    0.0266
    0.0481    0.0503    0.9976
...   152 G-C ...
   -5.0524   97.5738  488.9312
   -0.2106    0.9718   -0.1056
   -0.9765   -0.2040    0.0699
    0.0464    0.1178    0.9920
...   153 C-G ...
   -4.8442   98.0229  492.2755
   -0.7257    0.6855   -0.0587
   -0.6868   -0.7168    0.1207
    0.0407    0.1280    0.9909
...   154 C-G ...
   -4.6101   98.9260  495.4550
   -0.9840    0.1725   -0.0450
   -0.1775   -0.9712    0.1588
   -0.0163    0.1643    0.9863
...   155 A-T ...
   -4.6576   99.3023  498.8223
   -0.9010   -0.4317   -0.0435
    0.4172   -0.8896    0.1858
   -0.1189    0.1493    0.9816
...   156 G-C ...
   -5.3665   99.8300  502.0981
   -0.5198   -0.8543    0.0058
    0.8423   -0.5113    0.1705
   -0.1427    0.0935    0.9853
...   157 T-A ...
   -6.3322  100.4682  505.3366
   -0.0009   -0.9966    0.0820
    0.9875    0.0120    0.1571
   -0.1576    0.0812    0.9842
...   158 A-T ...
   -6.7830  100.6043  508.6433
    0.5950   -0.8004    0.0729
    0.7933    0.5994    0.1065
   -0.1289   -0.0055    0.9916
...   159 C-G ...
   -7.3472  100.0277  511.9866
    0.9241   -0.3689    0.0996
    0.3660    0.9295    0.0463
   -0.1097   -0.0063    0.9939
...   160 T-A ...
   -7.7721   99.6965  515.3364
    0.9780    0.1987    0.0636
   -0.2006    0.9794    0.0247
   -0.0573   -0.0369    0.9977
...   161 T-A ...
   -7.7689   99.3817  518.5984
    0.6823    0.7284    0.0632
   -0.7305    0.6827    0.0180
   -0.0301   -0.0585    0.9978
...   162 A-T ...
   -7.8320   99.3376  521.9376
    0.1201    0.9924   -0.0254
   -0.9927    0.1203    0.0056
    0.0086    0.0245    0.9997
...   163 C-G ...
   -7.3245   99.7350  525.3158
   -0.4167    0.9083   -0.0370
   -0.9090   -0.4165    0.0116
   -0.0049    0.0385    0.9992
...   164 A-T ...
   -7.4860   99.7552  528.7005
   -0.8589    0.4972   -0.1225
   -0.5066   -0.8600    0.0610
   -0.0750    0.1145    0.9906
...   165 T-A ...
   -7.5569  100.6720  532.0111
   -0.9986   -0.0178   -0.0500
    0.0122   -0.9939    0.1092
   -0.0516    0.1085    0.9928
...   166 G-C ...
   -7.9931  100.7630  535.3702
   -0.8008   -0.5941   -0.0761
    0.5798   -0.8008    0.1499
   -0.1500    0.0760    0.9858
...   167 C-G ...
   -8.5671  101.0451  538.6899
   -0.3318   -0.9433    0.0109
    0.9302   -0.3252    0.1701
   -0.1569    0.0665    0.9854
...   168 A-T ...
   -8.9194  101.2499  542.0539
    0.2778   -0.9606    0.0085
    0.9474    0.2754    0.1631
   -0.1590   -0.0372    0.9866
...   169 C-G ...
   -9.7701  100.6483  545.3314
    0.7349   -0.6741    0.0744
    0.6633    0.7373    0.1282
   -0.1413   -0.0448    0.9890
...   170 A-T ...
  -10.1594  100.6544  548.6976
    0.9918   -0.1224    0.0359
    0.1187    0.9886    0.0925
   -0.0468   -0.0875    0.9951
...   171 G-C ...
  -10.0698  100.1713  552.0547
    0.8974    0.4408    0.0207
   -0.4412    0.8961    0.0488
    0.0030   -0.0529    0.9986
...   172 G-C ...
   -9.6822   99.7230  555.3148
    0.5081    0.8610   -0.0225
   -0.8600    0.5085    0.0421
    0.0477   -0.0020    0.9989
...   173 A-T ...
   -9.5718   99.5668  558.6704
   -0.0767    0.9948   -0.0667
   -0.9964   -0.0740    0.0423
    0.0371    0.0697    0.9969
...   174 T-A ...
   -8.9060   99.9543  562.0188
   -0.5809    0.8139   -0.0118
   -0.8127   -0.5791    0.0642
    0.0454    0.0469    0.9979
...   175 G-C ...
   -9.1279  100.1718  565.3931
   -0.9425    0.3264   -0.0712
   -0.3320   -0.9388    0.0914
   -0.0371    0.1098    0.9933
...   176 T-A ...
   -9.0354  101.0874  568.7069
   -0.9765   -0.2140   -0.0251
    0.2090   -0.9692    0.1301
   -0.0522    0.1218    0.9912
...   177 A-T ...
   -9.3265  101.3909  572.0204
   -0.6566   -0.7537   -0.0297
    0.7428   -0.6529    0.1480
   -0.1310    0.0751    0.9885
...   178 A-T ...
   -9.8866  101.7246  575.2320
   -0.1038   -0.9938    0.0391
    0.9888   -0.0989    0.1116
   -0.1071    0.0503    0.9930
...   179 C-G ...
  -10.7203  101.5710  578.5651
    0.4303   -0.8997    0.0735
    0.8978    0.4350    0.0683
   -0.0934    0.0366    0.9950
...   180 C-G ...
  -11.2943  101.2702  581.8146
    0.8560   -0.5157    0.0365
    0.5142    0.8566    0.0428
   -0.0533   -0.0179    0.9984
...   181 T-A ...
  -11.5790  100.9130  585.1766
    0.9993    0.0366    0.0086
   -0.0371    0.9977    0.0563
   -0.0066   -0.0566    0.9984
...   182 G-C ...
  -11.3454  101.0026  588.5560
    0.7929    0.6065   -0.0592
   -0.6024    0.7948    0.0732
    0.0914   -0.0224    0.9956
...   183 C-G ...
  -10.9683  100.9025  591.9141
    0.3132    0.9495   -0.0186
   -0.9446    0.3134    0.0972
    0.0982   -0.0129    0.9951
...   184 A-T ...
  -10.8165  100.8770  595.2992
   -0.2954    0.9536   -0.0581
   -0.9503   -0.2870    0.1205
    0.0983    0.0909    0.9910
...   185 G-C ...
  -10.4151  101.4849  598.6129
   -0.7702    0.6364   -0.0425
   -0.6361   -0.7616    0.1237
    0.0463    0.1223    0.9914
...   186 A-T ...
  -10.1200  101.8228  601.9439
   -0.9962    0.0790   -0.0361
   -0.0828   -0.9892    0.1208
   -0.0262    0.1233    0.9920
...   187 T-A ...
  -10.2739  102.7941  605.2361
   -0.8953   -0.4421    0.0548
    0.4455   -0.8878    0.1156
   -0.0024    0.1279    0.9918
...   188 A-T ...
  -10.3699  103.0931  608.5614
   -0.4563   -0.8894    0.0259
    0.8872   -0.4526    0.0892
   -0.0676    0.0637    0.9957
...   189 C-G ...
  -11.1555  103.1781  611.9085
    0.0760   -0.9958    0.0504
    0.9953    0.0788    0.0561
   -0.0598    0.0459    0.9972
...   190 T-A ...
  -11.6597  103.2460  615.2631
    0.6093   -0.7924    0.0276
    0.7903    0.6098    0.0598
   -0.0642   -0.0146    0.9978
...   191 A-T ...
  -11.7309  103.1357  618.6006
    0.9608   -0.2758   -0.0294
    0.2771    0.9589    0.0604
    0.0115   -0.0662    0.9977
...   192 C-G ...
  -11.4579  102.3903  621.9469
    0.9635    0.2673   -0.0118
   -0.2662    0.9620    0.0604
    0.0275   -0.0551    0.9981
...   193 C-G ...
  -11.0022  101.8719  625.1878
    0.6573    0.7526   -0.0392
   -0.7485    0.6580    0.0829
    0.0882   -0.0251    0.9958
...   194 A-T ...
  -10.8630  101.8740  628.5735
    0.0980    0.9917   -0.0832
   -0.9869    0.1076    0.1206
    0.1285    0.0703    0.9892
...   195 A-T ...
  -10.2838  102.1076  631.7905
   -0.4930    0.8698   -0.0204
   -0.8649   -0.4874    0.1201
    0.0946    0.0768    0.9925
...   196 A-T ...
   -9.8473  102.4546  635.0199
   -0.9039    0.4266    0.0306
   -0.4230   -0.9023    0.0834
    0.0631    0.0625    0.9960
...   197 A-T ...
   -9.5923  102.8110  638.2676
   -0.9833   -0.1745    0.0508
    0.1759   -0.9841    0.0239
    0.0458    0.0324    0.9984
...   198 G-C ...
   -9.7290  103.0276  641.6508
   -0.7299   -0.6835   -0.0044
    0.6835   -0.7298   -0.0168
    0.0083   -0.0153    0.9998
...   199 T-A ...
  -10.0848  103.4213  645.0488
   -0.2649   -0.9640   -0.0248
    0.9642   -0.2651    0.0030
   -0.0095   -0.0231    0.9997
...   200 G-C ...
   -9.9258  103.0153  648.4091
    0.3372   -0.9341   -0.1170
    0.9414    0.3337    0.0487
   -0.0064   -0.1266    0.9919
...   201 T-A ...
  -10.5091  102.4131  651.7446
    0.7797   -0.6202   -0.0864
    0.6262    0.7708    0.1176
   -0.0063   -0.1458    0.9893
...   202 A-T ...
  -10.3765  101.9008  655.0425
    0.9958   -0.0312   -0.0862
    0.0459    0.9837    0.1740
    0.0793   -0.1772    0.9810
...   203 T-A ...
  -10.0223  100.7551  658.2624
    0.8770    0.4788    0.0394
   -0.4772    0.8586    0.1871
    0.0557   -0.1829    0.9816
...   204 T-A ...
   -9.6015  100.0326  661.4311
    0.4396    0.8876    0.1375
   -0.8939    0.4174    0.1638
    0.0880   -0.1949    0.9769
...   205 T-A ...
   -9.0450   99.4322  664.6043
   -0.1582    0.9661    0.2040
   -0.9799   -0.1790    0.0880
    0.1215   -0.1860    0.9750
...   206 G-C ...
   -8.9435   99.0143  667.9654
   -0.7016    0.7023    0.1203
   -0.7085   -0.7055   -0.0134
    0.0755   -0.0947    0.9926
...   207 G-C ...
   -8.5555   99.1485  671.2535
   -0.9779    0.2073    0.0271
   -0.2087   -0.9759   -0.0646
    0.0131   -0.0688    0.9975
...   208 A-T ...
   -8.3543   98.9179  674.6005
   -0.9207   -0.3805   -0.0867
    0.3869   -0.9192   -0.0736
   -0.0517   -0.1013    0.9935
...   209 A-T ...
   -8.6040   98.7243  677.8624
   -0.5267   -0.8392   -0.1355
    0.8491   -0.5270   -0.0363
   -0.0409   -0.1341    0.9901
...   210 A-T ...
   -8.8836   98.3514  681.1062
    0.0616   -0.9862   -0.1537
    0.9980    0.0588    0.0224
   -0.0130   -0.1547    0.9879
...   211 C-G ...
   -9.3413   97.4364  684.3896
    0.5744   -0.8070   -0.1374
    0.8186    0.5668    0.0931
    0.0028   -0.1659    0.9861
...   212 T-A ...
   -9.5482   96.6501  687.6837
    0.9271   -0.3586   -0.1089
    0.3736    0.9074    0.1926
    0.0298   -0.2192    0.9752
...   213 G-C ...
   -9.1001   96.0627  690.9907
    0.9656    0.2491   -0.0746
   -0.2235    0.9417    0.2513
    0.1328   -0.2260    0.9650
...   214 C-G ...
   -8.5993   95.2511  694.2342
    0.6692    0.7398    0.0696
   -0.7292    0.6358    0.2529
    0.1428   -0.2200    0.9650
...   215 T-A ...
   -7.8496   94.3587  697.4206
    0.1557    0.9760    0.1525
   -0.9695    0.1214    0.2130
    0.1894   -0.1810    0.9651
...   216 C-G ...
   -7.1992   94.1382  700.7107
   -0.4366    0.8789    0.1920
   -0.8760   -0.4640    0.1320
    0.2051   -0.1105    0.9725
...   217 C-G ...
   -6.2704   94.2037  703.8907
   -0.8563    0.4871    0.1717
   -0.4895   -0.8714    0.0308
    0.1646   -0.0576    0.9847
...   218 A-T ...
   -5.7664   93.8344  707.2212
   -0.9935   -0.0965    0.0598
    0.0940   -0.9946   -0.0431
    0.0636   -0.0372    0.9973
...   219 T-A ...
   -5.7128   94.2451  710.6321
   -0.7993   -0.5987    0.0521
    0.5947   -0.8005   -0.0743
    0.0862   -0.0284    0.9959
...   220 C-G ...
   -5.7090   93.8833  713.9735
   -0.3201   -0.9457   -0.0560
    0.9471   -0.3178   -0.0454
    0.0251   -0.0676    0.9974
...   221 A-T ...
   -5.4429   93.6357  717.3425
    0.2789   -0.9451   -0.1704
    0.9600    0.2788    0.0251
    0.0238   -0.1706    0.9851
...   222 A-T ...
   -5.5116   93.0133  720.5593
    0.7816   -0.6063   -0.1466
    0.6211    0.7782    0.0928
    0.0578   -0.1636    0.9848
...   223 A-T ...
   -5.4047   92.3418  723.7651
    0.9952   -0.0416   -0.0880
    0.0533    0.9895    0.1343
    0.0815   -0.1383    0.9870
...   224 A-T ...
   -5.1256   91.7312  726.9727
    0.8411    0.5407   -0.0164
   -0.5340    0.8348    0.1342
    0.0862   -0.1041    0.9908
...   225 G-C ...
   -4.5250   91.3940  730.2949
    0.4081    0.9130   -0.0001
   -0.9072    0.4055    0.1123
    0.1026   -0.0457    0.9937
...   226 G-C ...
   -3.7244   91.2750  733.5081
   -0.1617    0.9868   -0.0049
   -0.9813   -0.1602    0.1066
    0.1044    0.0220    0.9943
...   227 C-G ...
   -3.3181   91.3982  736.8621
   -0.6887    0.7237    0.0451
   -0.7182   -0.6894    0.0941
    0.0992    0.0325    0.9945
...   228 A-T ...
   -3.0828   91.3567  740.2422
   -0.9815    0.1914   -0.0080
   -0.1914   -0.9781    0.0815
    0.0078    0.0816    0.9966
...   229 T-A ...
   -3.0602   92.1928  743.5748
   -0.9381   -0.3412    0.0587
    0.3448   -0.9363    0.0674
    0.0319    0.0834    0.9960
...   230 G-C ...
   -3.1087   92.1292  746.9624
   -0.5695   -0.8219   -0.0119
    0.8204   -0.5693    0.0535
   -0.0508    0.0207    0.9985
...   231 T-A ...
   -3.7489   92.5541  750.3146
   -0.0558   -0.9984    0.0056
    0.9962   -0.0553    0.0669
   -0.0665    0.0094    0.9977
...   232 T-A ...
   -4.2018   92.4496  753.5586
    0.5305   -0.8467    0.0404
    0.8425    0.5319    0.0858
   -0.0941   -0.0115    0.9955
...   233 C-G ...
   -4.2737   92.1061  756.9013
    0.9208   -0.3893    0.0258
    0.3855    0.9180    0.0928
   -0.0598   -0.0754    0.9954
...   234 A-T ...
   -4.4442   92.0294  760.2847
    0.9761    0.2159   -0.0245
   -0.2129    0.9728    0.0914
    0.0436   -0.0840    0.9955
...   235 G-C ...
   -4.0015   91.6513  763.6272
    0.6984    0.7151   -0.0305
   -0.7114    0.6982    0.0809
    0.0792   -0.0348    0.9963
...   236 C-G ...
   -3.6628   91.5193  766.9884
    0.1738    0.9847    0.0094
   -0.9812    0.1723    0.0875
    0.0845   -0.0244    0.9961
...   237 T-A ...
   -3.0637   91.4460  770.3271
   -0.3937    0.9192    0.0104
   -0.9134   -0.3925    0.1084
    0.1037    0.0332    0.9941
...   238 G-C ...
   -3.0668   91.6958  773.7065
   -0.8535    0.5204   -0.0275
   -0.5198   -0.8465    0.1147
    0.0364    0.1122    0.9930
...   239 G-C ...
   -2.9180   92.5272  776.9106
   -0.9990   -0.0354   -0.0263
    0.0319   -0.9918    0.1235
   -0.0305    0.1225    0.9920
...   240 A-T ...
   -2.8677   92.9768  780.2410
   -0.7979   -0.6023   -0.0230
    0.5967   -0.7947    0.1114
   -0.0854    0.0751    0.9935
...   241 T-A ...
   -3.5741   93.6020  783.5449
   -0.3751   -0.9250    0.0612
    0.9243   -0.3682    0.1007
   -0.0706    0.0943    0.9930
...   242 T-A ...
   -4.0712   93.8574  786.7740
    0.2284   -0.9679    0.1053
    0.9681    0.2373    0.0811
   -0.1035    0.0834    0.9911
...   243 C-G ...
   -4.2860   93.7709  790.1270
    0.7455   -0.6621    0.0766
    0.6601    0.7494    0.0518
   -0.0917    0.0119    0.9957
...   244 C-G ...
   -4.6707   93.3184  793.3869
    0.9891   -0.1438    0.0300
    0.1430    0.9893    0.0273
   -0.0336   -0.0227    0.9992
...   245 A-T ...
   -4.7982   93.4231  796.7715
    0.8904    0.4513   -0.0590
   -0.4500    0.8923    0.0355
    0.0687   -0.0051    0.9976
...   246 G-C ...
   -4.2567   93.3875  800.1207
    0.4961    0.8636   -0.0899
   -0.8635    0.5016    0.0529
    0.0908    0.0514    0.9945
...   247 C-G ...
   -3.8776   93.5647  803.4754
   -0.0791    0.9953   -0.0554
   -0.9925   -0.0735    0.0978
    0.0933    0.0628    0.9937
...   248 T-A ...
   -3.2613   93.8624  806.7986
   -0.6119    0.7900   -0.0381
   -0.7849   -0.6006    0.1523
    0.0974    0.1231    0.9876
...   249 G-C ...
   -3.3088   94.3240  810.1552
   -0.9570    0.2872   -0.0412
   -0.2898   -0.9403    0.1782
    0.0124    0.1825    0.9831
...   250 A-T ...
   -3.1102   94.9235  813.4563
   -0.9497   -0.3131   -0.0034
    0.3083   -0.9369    0.1648
   -0.0548    0.1554    0.9863
...   251 A-T ...
   -3.3583   95.5744  816.6586
   -0.5957   -0.8001    0.0703
    0.8018   -0.5873    0.1102
   -0.0469    0.1220    0.9914
...   252 C-G ...
   -4.0879   95.9492  819.9985
   -0.0878   -0.9912    0.0994
    0.9953   -0.0831    0.0508
   -0.0421    0.1033    0.9938
...   253 A-T ...
   -4.0499   96.3235  823.3661
    0.5023   -0.8646    0.0114
    0.8645    0.5024    0.0149
   -0.0186    0.0024    0.9998
...   254 T-A ...
   -4.5332   95.9591  826.7483
    0.8769   -0.4789    0.0409
    0.4793    0.8776    0.0003
   -0.0360    0.0193    0.9992
...   255 G-C ...
   -4.2913   96.1347  830.1237
    0.9917    0.1106   -0.0651
   -0.1102    0.9939    0.0089
    0.0656   -0.0016    0.9978
...   256 C-G ...
   -4.0234   96.0730  833.4932
    0.7555    0.6525   -0.0598
   -0.6507    0.7578    0.0475
    0.0763    0.0031    0.9971
...   257 C-G ...
   -3.2991   95.9328  836.7236
    0.2702    0.9589   -0.0863
   -0.9555    0.2781    0.0983
    0.1183    0.0559    0.9914
...   258 T-A ...
   -2.5878   96.0966  840.0370
   -0.3005    0.9517   -0.0636
   -0.9430   -0.2865    0.1694
    0.1430    0.1109    0.9835
...   259 T-A ...
   -1.9500   96.6648  843.2009
   -0.7907    0.6106    0.0432
   -0.5906   -0.7795    0.2089
    0.1612    0.1397    0.9770
...   260 T-A ...
   -1.4056   97.3893  846.3502
   -0.9871    0.0473    0.1532
   -0.0193   -0.9836    0.1793
    0.1591    0.1740    0.9718
...   261 T-A ...
   -1.0275   98.1892  849.5056
   -0.8171   -0.5305    0.2258
    0.5599   -0.8235    0.0914
    0.1375    0.2011    0.9699
...   262 G-C ...
   -0.6302   98.5019  852.8562
   -0.3582   -0.9230    0.1405
    0.9308   -0.3648   -0.0233
    0.0727    0.1224    0.9898
...   263 A-T ...
   -0.3616   99.0669  856.1585
    0.2310   -0.9725    0.0302
    0.9683    0.2268   -0.1044
    0.0946    0.0534    0.9941
...   264 T-A ...
   -0.5482   99.0151  859.5890
    0.7014   -0.7128   -0.0050
    0.7079    0.6974   -0.1114
    0.0829    0.0746    0.9938
...   265 G-C ...
    0.1093   99.2658  862.9037
    0.9680   -0.1884   -0.1658
    0.1814    0.9818   -0.0566
    0.1735    0.0247    0.9845
...   266 G-C ...
    0.8140   98.8998  866.1207
    0.8958    0.3774   -0.2348
   -0.3752    0.9253    0.0556
    0.2383    0.0383    0.9704
...   267 A-T ...
    1.4885   98.9398  869.4131
    0.5030    0.8329   -0.2309
   -0.8207    0.5441    0.1747
    0.2712    0.1016    0.9572
...   268 G-C ...
    2.6681   99.4216  872.5576
   -0.0419    0.9869   -0.1556
   -0.9646    0.0006    0.2637
    0.2603    0.1611    0.9520
...   269 C-G ...
    3.6053  100.0053  875.7530
   -0.5822    0.8130    0.0099
   -0.7715   -0.5562    0.3088
    0.2565    0.1722    0.9511
...   270 A-T ...
    4.3592  100.4567  879.0256
   -0.9409    0.3264    0.0905
   -0.2912   -0.9159    0.2763
    0.1730    0.2336    0.9568
...   271 G-C ...
    4.7367  101.4768  882.2394
   -0.9562   -0.2392    0.1686
    0.2677   -0.9478    0.1734
    0.1183    0.2110    0.9703
...   272 T-A ...
    5.0036  102.7544  885.4213
   -0.6765   -0.7020    0.2225
    0.7297   -0.6797    0.0743
    0.0990    0.2126    0.9721
...   273 T-A ...
    5.0604  103.5002  888.6119
   -0.1305   -0.9663    0.2217
    0.9894   -0.1415   -0.0342
    0.0645    0.2149    0.9745
...   274 T-A ...
    5.0256  104.0913  891.8351
    0.4652   -0.8709    0.1583
    0.8845    0.4502   -0.1222
    0.0352    0.1969    0.9798
...   275 C-G ...
    5.3620  104.4305  895.1619
    0.8840   -0.4675    0.0045
    0.4631    0.8742   -0.1459
    0.0642    0.1311    0.9893
...   276 C-G ...
    5.6080  104.3664  898.4657
    0.9873    0.0794   -0.1378
   -0.0935    0.9907   -0.0990
    0.1287    0.1106    0.9855
...   277 A-T ...
    5.9876  104.9137  901.7882
    0.7374    0.6206   -0.2665
   -0.6378    0.7697    0.0277
    0.2223    0.1496    0.9634
...   278 A-T ...
    6.8318  105.2941  904.9318
    0.2283    0.9477   -0.2231
   -0.9523    0.2650    0.1510
    0.2023    0.1779    0.9630
...   279 A-T ...
    7.6497  105.8542  908.0554
   -0.3683    0.9224   -0.1163
   -0.9141   -0.3364    0.2265
    0.1698    0.1898    0.9670
...   280 T-A ...
    8.6876  106.7850  911.1958
   -0.7845    0.6188    0.0405
   -0.5921   -0.7668    0.2477
    0.1844    0.1703    0.9680
...   281 A-T ...
    9.1509  107.3792  914.4498
   -0.9951    0.0302    0.0943
   -0.0104   -0.9790    0.2036
    0.0985    0.2016    0.9745
...   282 C-G ...
    9.1219  108.5022  917.7003
   -0.8554   -0.4896    0.1690
